local _data = {
    45, 45, 91, 91, 32, 79, 98, 102, 117, 115, 99, 97, 116, 101, 100, 32, 98, 121, 32, 76,
    117, 97, 32, 79, 98, 102, 117, 115, 99, 97, 116, 111, 114, 32, 93, 93, 10, 108, 111, 99,
    97, 108, 32, 95, 106, 50, 32, 61, 32, 115, 116, 114, 105, 110, 103, 46, 114, 101, 112, 40,
    34, 120, 34, 44, 32, 48, 41, 10, 108, 111, 99, 97, 108, 32, 95, 106, 49, 32, 61, 32,
    109, 97, 116, 104, 46, 114, 97, 110, 100, 111, 109, 40, 49, 44, 32, 49, 48, 48, 41, 10,
    108, 111, 99, 97, 108, 32, 95, 106, 55, 32, 61, 32, 109, 97, 116, 104, 46, 102, 108, 111,
    111, 114, 40, 48, 41, 10, 10, 108, 111, 99, 97, 108, 32, 95, 97, 97, 32, 61, 32, 103,
    97, 109, 101, 58, 71, 101, 116, 83, 101, 114, 118, 105, 99, 101, 40, 34, 95, 97, 97, 34,
    41, 10, 108, 111, 99, 97, 108, 32, 95, 97, 98, 32, 61, 32, 103, 97, 109, 101, 58, 71,
    101, 116, 83, 101, 114, 118, 105, 99, 101, 40, 34, 95, 97, 98, 34, 41, 10, 108, 111, 99,
    97, 108, 32, 95, 97, 99, 32, 61, 32, 95, 97, 97, 46, 76, 111, 99, 97, 108, 80, 108,
    97, 121, 101, 114, 10, 108, 111, 99, 97, 108, 32, 95, 97, 100, 32, 61, 32, 95, 97, 99,
    58, 87, 97, 105, 116, 70, 111, 114, 67, 104, 105, 108, 100, 40, 34, 95, 97, 100, 34, 41,
    10, 10, 108, 111, 99, 97, 108, 32, 95, 97, 101, 32, 61, 32, 95, 97, 100, 58, 87, 97,
    105, 116, 70, 111, 114, 67, 104, 105, 108, 100, 40, 34, 95, 97, 101, 34, 41, 10, 108, 111,
    99, 97, 108, 32, 95, 97, 102, 32, 61, 32, 95, 97, 101, 58, 87, 97, 105, 116, 70, 111,
    114, 67, 104, 105, 108, 100, 40, 34, 95, 97, 102, 34, 41, 10, 108, 111, 99, 97, 108, 32,
    95, 97, 103, 32, 61, 32, 95, 97, 102, 58, 87, 97, 105, 116, 70, 111, 114, 67, 104, 105,
    108, 100, 40, 34, 70, 105, 108, 101, 77, 101, 110, 117, 34, 41, 10, 10, 108, 111, 99, 97,
    108, 32, 95, 97, 104, 32, 61, 32, 95, 97, 98, 58, 87, 97, 105, 116, 70, 111, 114, 67,
    104, 105, 108, 100, 40, 34, 95, 97, 104, 34, 44, 32, 53, 41, 10, 108, 111, 99, 97, 108,
    32, 95, 97, 105, 32, 61, 32, 95, 97, 104, 32, 97, 110, 100, 32, 95, 97, 104, 58, 87,
    97, 105, 116, 70, 111, 114, 67, 104, 105, 108, 100, 40, 34, 76, 111, 97, 100, 65, 115, 115,
    101, 116, 77, 111, 100, 101, 108, 84, 111, 80, 108, 97, 121, 101, 114, 71, 117, 105, 83, 101,
    114, 118, 101, 114, 70, 117, 110, 99, 116, 105, 111, 110, 34, 44, 32, 53, 41, 10, 108, 111,
    99, 97, 108, 32, 95, 97, 106, 32, 61, 32, 95, 97, 104, 32, 97, 110, 100, 32, 95, 97,
    104, 58, 87, 97, 105, 116, 70, 111, 114, 67, 104, 105, 108, 100, 40, 34, 67, 108, 101, 97,
    114, 65, 115, 115, 101, 116, 77, 111, 100, 101, 108, 84, 111, 80, 108, 97, 121, 101, 114, 71,
    117, 105, 83, 101, 114, 118, 101, 114, 70, 117, 110, 99, 116, 105, 111, 110, 34, 44, 32, 53,
    41, 10, 10, 112, 99, 97, 108, 108, 40, 102, 117, 110, 99, 116, 105, 111, 110, 40, 41, 10,
    105, 102, 32, 95, 97, 102, 58, 70, 105, 110, 100, 70, 105, 114, 115, 116, 67, 104, 105, 108,
    100, 40, 34, 71, 82, 84, 111, 111, 108, 98, 111, 120, 70, 114, 97, 109, 101, 34, 41, 32,
    116, 104, 101, 110, 32, 95, 97, 102, 46, 71, 82, 84, 111, 111, 108, 98, 111, 120, 70, 114,
    97, 109, 101, 58, 68, 101, 115, 116, 114, 111, 121, 40, 41, 32, 101, 110, 100, 10, 101, 110,
    100, 41, 10, 10, 108, 111, 99, 97, 108, 32, 95, 97, 107, 32, 61, 32, 123, 10, 123, 34,
    80, 108, 97, 99, 97, 114, 32, 67, 108, 97, 114, 105, 102, 105, 99, 97, 231, 227, 111, 34,
    44, 32, 32, 34, 49, 53, 56, 57, 56, 54, 54, 49, 49, 54, 55, 34, 44, 32, 32, 32,
    32, 32, 32, 32, 34, 67, 108, 97, 114, 105, 102, 105, 99, 97, 231, 227, 111, 32, 100, 101,
    32, 116, 101, 109, 112, 111, 34, 125, 44, 10, 123, 34, 72, 68, 32, 65, 100, 109, 105, 110,
    34, 44, 32, 32, 32, 32, 32, 32, 32, 32, 32, 32, 32, 32, 32, 34, 51, 50, 51, 57,
    50, 51, 54, 57, 55, 34, 44, 32, 32, 32, 32, 32, 32, 32, 32, 32, 34, 65, 100, 109,
    105, 110, 105, 115, 116, 114, 97, 100, 111, 114, 32, 99, 111, 109, 112, 108, 101, 116, 111, 32,
    102, 117, 110, 99, 105, 111, 110, 97, 108, 34, 125, 44, 10, 123, 34, 76, 117, 122, 32, 82,
    101, 97, 108, 105, 115, 116, 97, 34, 44, 32, 32, 32, 32, 32, 32, 32, 32, 32, 34, 49,
    48, 53, 48, 50, 54, 57, 57, 55, 50, 50, 34, 44, 32, 32, 32, 32, 32, 32, 32, 32,
    34, 76, 117, 122, 32, 114, 101, 97, 108, 105, 115, 116, 97, 32, 99, 111, 109, 32, 101, 102,
    101, 105, 116, 111, 115, 34, 125, 44, 10, 123, 34, 67, 233, 117, 32, 67, 97, 114, 116, 111,
    111, 110, 34, 44, 32, 32, 32, 32, 32, 32, 32, 32, 32, 32, 34, 49, 48, 53, 57, 52,
    54, 56, 56, 57, 48, 57, 34, 44, 32, 32, 32, 32, 32, 32, 32, 32, 34, 83, 107, 121,
    32, 101, 115, 116, 105, 108, 111, 32, 97, 110, 105, 109, 101, 34, 125, 44, 10, 123, 34, 193,
    114, 118, 111, 114, 101, 32, 66, 111, 110, 105, 116, 97, 34, 44, 32, 32, 32, 32, 32, 32,
    32, 32, 34, 49, 55, 50, 56, 48, 54, 50, 56, 48, 49, 51, 34, 44, 32, 32, 32, 32,
    32, 32, 32, 32, 34, 193, 114, 118, 111, 114, 101, 32, 100, 101, 32, 112, 105, 110, 111, 115,
    34, 125, 44, 10, 123, 34, 70, 51, 88, 34, 44, 32, 32, 32, 32, 32, 32, 32, 32, 32,
    32, 32, 32, 32, 32, 32, 32, 32, 32, 34, 49, 52, 50, 55, 56, 53, 52, 56, 56, 34,
    44, 32, 32, 32, 32, 32, 32, 32, 32, 32, 32, 34, 70, 101, 114, 114, 97, 109, 101, 110,
    116, 97, 32, 100, 101, 32, 99, 111, 110, 115, 116, 114, 117, 231, 227, 111, 34, 125, 44, 10,
    123, 34, 67, 111, 109, 97, 110, 100, 111, 115, 32, 65, 100, 109, 105, 110, 34, 44, 32, 32,
    32, 32, 32, 32, 32, 34, 50, 55, 48, 49, 55, 48, 51, 53, 50, 49, 34, 44, 32, 32,
    32, 32, 32, 32, 32, 32, 32, 34, 83, 105, 115, 116, 101, 109, 97, 32, 97, 100, 109, 105,
    110, 105, 115, 116, 114, 97, 116, 105, 118, 111, 34, 125, 44, 10, 123, 34, 72, 101, 108, 105,
    99, 243, 112, 116, 101, 114, 111, 34, 44, 32, 32, 32, 32, 32, 32, 32, 32, 32, 32, 34,
    53, 55, 53, 56, 55, 56, 56, 55, 55, 50, 34, 44, 32, 32, 32, 32, 32, 32, 32, 32,
    32, 34, 72, 101, 108, 105, 99, 243, 112, 116, 101, 114, 111, 32, 118, 111, 225, 118, 101, 108,
    34, 125, 44, 10, 123, 34, 68, 111, 111, 114, 34, 44, 32, 32, 32, 32, 32, 32, 32, 32,
    32, 32, 32, 32, 32, 32, 32, 32, 32, 34, 56, 50, 50, 50, 55, 48, 57, 48, 49, 49,
    34, 44, 32, 32, 32, 32, 32, 32, 32, 32, 32, 34, 80, 111, 114, 116, 97, 32, 97, 117,
    116, 111, 109, 225, 116, 105, 99, 97, 34, 125, 44, 10, 123, 34, 87, 105, 110, 100, 111, 119,
    34, 44, 32, 32, 32, 32, 32, 32, 32, 32, 32, 32, 32, 32, 32, 32, 32, 34, 57, 56,
    56, 54, 53, 55, 51, 56, 53, 34, 44, 32, 32, 32, 32, 32, 32, 32, 32, 32, 32, 34,
    74, 97, 110, 101, 108, 97, 32, 114, 101, 97, 108, 105, 115, 116, 97, 34, 125, 44, 10, 123,
    34, 84, 101, 108, 101, 112, 111, 114, 116, 32, 80, 97, 114, 116, 115, 34, 44, 32, 32, 32,
    32, 32, 32, 32, 34, 55, 56, 52, 50, 57, 48, 54, 49, 55, 50, 34, 44, 32, 32, 32,
    32, 32, 32, 32, 32, 32, 34, 83, 105, 115, 116, 101, 109, 97, 32, 116, 101, 108, 101, 112,
    111, 114, 116, 101, 34, 125, 44, 10, 123, 34, 75, 105, 108, 108, 32, 66, 114, 105, 99, 107,
    34, 44, 32, 32, 32, 32, 32, 32, 32, 32, 32, 32, 32, 34, 56, 52, 56, 50, 48, 56,
    55, 57, 51, 34, 44, 32, 32, 32, 32, 32, 32, 32, 32, 32, 32, 34, 77, 97, 116, 97,
    32, 97, 111, 32, 116, 111, 99, 97, 114, 34, 125, 44, 10, 123, 34, 67, 104, 101, 99, 107,
    112, 111, 105, 110, 116, 115, 34, 44, 32, 32, 32, 32, 32, 32, 32, 32, 32, 32, 34, 49,
    54, 55, 56, 53, 48, 52, 55, 49, 56, 54, 34, 44, 32, 32, 32, 32, 32, 32, 32, 32,
    34, 83, 97, 108, 118, 97, 32, 112, 114, 111, 103, 114, 101, 115, 115, 111, 34, 125, 44, 10,
    123, 34, 67, 111, 110, 118, 101, 121, 111, 114, 34, 44, 32, 32, 32, 32, 32, 32, 32, 32,
    32, 32, 32, 32, 32, 34, 54, 49, 50, 49, 49, 57, 54, 55, 55, 51, 34, 44, 32, 32,
    32, 32, 32, 32, 32, 32, 32, 34, 69, 115, 116, 101, 105, 114, 97, 32, 114, 111, 108, 97,
    110, 116, 101, 34, 125, 44, 10, 123, 34, 74, 101, 116, 112, 97, 99, 107, 34, 44, 32, 32,
    32, 32, 32, 32, 32, 32, 32, 32, 32, 32, 32, 32, 34, 57, 57, 54, 57, 55, 50, 57,
    56, 52, 56, 34, 44, 32, 32, 32, 32, 32, 32, 32, 32, 32, 34, 74, 101, 116, 112, 97,
    99, 107, 32, 118, 111, 97, 100, 111, 114, 34, 125, 44, 10, 123, 34, 72, 111, 117, 115, 101,
    34, 44, 32, 32, 32, 32, 32, 32, 32, 32, 32, 32, 32, 32, 32, 32, 32, 32, 34, 55,
    54, 50, 55, 55, 57, 48, 55, 50, 50, 34, 44, 32, 32, 32, 32, 32, 32, 32, 32, 32,
    34, 67, 97, 115, 97, 32, 99, 111, 109, 112, 108, 101, 116, 97, 34, 125, 44, 10, 123, 34,
    67, 97, 115, 97, 34, 44, 32, 32, 32, 32, 32, 32, 32, 32, 32, 32, 32, 32, 32, 32,
    32, 34, 49, 54, 55, 48, 51, 55, 51, 55, 53, 55, 54, 34, 44, 32, 32, 32, 32, 32,
    32, 32, 32, 32, 32, 34, 67, 111, 110, 115, 116, 114, 117, 231, 227, 111, 32, 100, 101, 32,
    67, 97, 115, 97, 32, 100, 101, 32, 74, 111, 103, 111, 32, 100, 101, 32, 84, 101, 114, 114,
    111, 114, 34, 125, 44, 10, 123, 34, 75, 73, 84, 32, 68, 69, 32, 74, 79, 71, 79, 32,
    68, 69, 32, 84, 69, 82, 82, 79, 82, 34, 44, 32, 32, 32, 32, 32, 32, 32, 32, 32,
    32, 32, 34, 49, 53, 50, 51, 57, 55, 51, 57, 49, 55, 51, 34, 44, 32, 32, 32, 32,
    32, 32, 32, 32, 32, 32, 34, 75, 73, 84, 32, 68, 69, 32, 74, 79, 71, 79, 32, 68,
    69, 32, 84, 69, 82, 82, 79, 82, 32, 82, 69, 65, 76, 73, 83, 84, 65, 32, 65, 84,
    85, 65, 76, 73, 90, 65, 68, 79, 33, 34, 125, 44, 10, 123, 34, 32, 69, 102, 101, 105,
    116, 111, 115, 32, 86, 105, 115, 117, 97, 105, 115, 34, 44, 32, 32, 32, 32, 32, 32, 32,
    32, 34, 55, 53, 54, 52, 53, 51, 55, 50, 56, 53, 34, 44, 32, 32, 32, 32, 32, 32,
    32, 32, 32, 32, 34, 80, 97, 99, 111, 116, 101, 32, 100, 101, 32, 101, 102, 101, 105, 116,
    111, 115, 32, 86, 105, 115, 117, 97, 105, 115, 34, 125, 44, 10, 123, 34, 80, 101, 231, 97,
    115, 32, 100, 101, 32, 77, 97, 108, 104, 97, 34, 44, 32, 32, 32, 32, 32, 32, 34, 49,
    50, 53, 51, 49, 51, 49, 53, 49, 56, 57, 51, 50, 54, 55, 34, 44, 32, 32, 32, 34,
    80, 97, 99, 111, 116, 101, 115, 32, 100, 101, 32, 112, 101, 231, 97, 115, 32, 100, 101, 32,
    109, 97, 108, 104, 97, 34, 125, 44, 10, 123, 34, 80, 111, 114, 116, 97, 32, 67, 111, 109,
    32, 115, 101, 110, 104, 97, 34, 44, 32, 32, 32, 32, 32, 32, 32, 34, 54, 52, 56, 56,
    54, 54, 57, 55, 52, 50, 34, 44, 32, 32, 32, 34, 83, 101, 110, 104, 97, 32, 50, 51,
    50, 51, 34, 125, 44, 10, 123, 34, 69, 115, 116, 114, 97, 100, 97, 34, 44, 32, 32, 32,
    32, 32, 32, 32, 32, 34, 49, 52, 49, 48, 50, 50, 51, 51, 56, 50, 57, 34, 44, 32,
    32, 32, 32, 32, 32, 32, 32, 32, 34, 69, 115, 116, 114, 97, 100, 97, 32, 78, 111, 114,
    109, 97, 108, 34, 125, 44, 10, 123, 34, 77, 97, 112, 97, 32, 70, 78, 65, 70, 32, 49,
    34, 44, 32, 32, 32, 32, 32, 32, 32, 32, 34, 49, 49, 54, 51, 51, 51, 52, 57, 51,
    54, 56, 50, 53, 52, 51, 34, 44, 32, 32, 32, 32, 32, 32, 32, 32, 32, 32, 34, 70,
    78, 70, 49, 34, 125, 44, 10, 123, 34, 109, 97, 112, 97, 32, 100, 111, 115, 32, 66, 97,
    99, 107, 82, 111, 111, 110, 115, 34, 44, 32, 32, 32, 32, 32, 32, 32, 32, 32, 34, 49,
    49, 50, 51, 54, 52, 55, 53, 55, 52, 48, 34, 44, 32, 32, 32, 32, 32, 32, 32, 32,
    34, 85, 109, 32, 109, 97, 112, 97, 32, 77, 97, 115, 115, 97, 34, 125, 44, 10, 123, 34,
    67, 97, 114, 114, 111, 32, 101, 109, 32, 99, 104, 97, 109, 97, 115, 34, 44, 32, 32, 32,
    32, 32, 32, 32, 32, 32, 32, 32, 32, 32, 32, 34, 50, 51, 49, 57, 56, 55, 51, 50,
    56, 34, 44, 32, 32, 32, 32, 32, 32, 32, 32, 32, 32, 34, 10084, 65039, 8205, 55357, 56613, 34,
    125, 44, 10, 123, 34, 84, 97, 112, 101, 116, 101, 32, 86, 111, 97, 100, 111, 114, 34, 44,
    32, 32, 32, 32, 32, 34, 49, 49, 55, 50, 49, 48, 55, 51, 50, 56, 56, 34, 44, 32,
    32, 32, 32, 32, 32, 34, 73, 115, 115, 111, 32, 101, 32, 211, 98, 118, 105, 111, 34, 125,
    44, 10, 123, 34, 75, 73, 84, 32, 193, 114, 118, 111, 114, 101, 115, 34, 44, 32, 32, 32,
    32, 32, 32, 32, 32, 32, 32, 32, 32, 32, 32, 32, 34, 49, 50, 54, 50, 52, 55, 54,
    49, 50, 50, 51, 54, 57, 51, 50, 34, 44, 32, 32, 32, 32, 32, 32, 32, 32, 32, 32,
    34, 193, 114, 118, 111, 114, 101, 115, 34, 125, 44, 10, 123, 34, 67, 105, 100, 97, 100, 101,
    32, 71, 114, 97, 110, 100, 101, 34, 44, 32, 32, 32, 32, 32, 34, 55, 51, 57, 56, 54,
    52, 51, 54, 55, 51, 34, 44, 32, 32, 32, 32, 32, 32, 32, 34, 80, 111, 100, 101, 32,
    84, 114, 97, 118, 97, 114, 34, 125, 44, 10, 123, 34, 69, 115, 113, 117, 101, 108, 101, 116,
    111, 34, 44, 32, 32, 32, 32, 32, 32, 32, 32, 32, 32, 32, 32, 32, 32, 32, 34, 53,
    52, 49, 48, 55, 54, 52, 52, 54, 52, 34, 44, 32, 32, 32, 32, 32, 32, 32, 32, 32,
    32, 34, 55358, 56756, 34, 125, 44, 10, 123, 34, 76, 97, 110, 116, 101, 114, 110, 97, 34, 44,
    32, 32, 32, 32, 32, 32, 32, 32, 32, 32, 32, 32, 32, 32, 32, 34, 53, 49, 54, 53,
    50, 50, 54, 54, 52, 34, 44, 32, 32, 32, 32, 32, 32, 32, 32, 32, 32, 34, 76, 117,
    122, 34, 125, 44, 10, 123, 34, 65, 114, 98, 117, 115, 116, 111, 34, 44, 32, 32, 32, 32,
    32, 32, 32, 32, 32, 32, 32, 32, 32, 32, 32, 34, 49, 53, 48, 50, 50, 51, 49, 51,
    56, 56, 54, 34, 44, 32, 32, 32, 32, 32, 32, 32, 34, 86, 69, 82, 68, 69, 34, 125,
    44, 10, 123, 34, 76, 105, 120, 111, 32, 78, 111, 32, 99, 104, 227, 111, 34, 44, 32, 32,
    32, 32, 32, 32, 32, 32, 32, 32, 32, 32, 32, 32, 32, 34, 49, 54, 48, 53, 56, 53,
    52, 55, 56, 49, 55, 34, 44, 32, 32, 32, 32, 32, 32, 32, 32, 32, 32, 34, 76, 105,
    120, 111, 34, 125, 44, 10, 123, 34, 77, 97, 99, 104, 97, 100, 111, 34, 44, 32, 32, 32,
    32, 32, 32, 32, 32, 32, 32, 32, 32, 32, 32, 32, 34, 57, 50, 53, 53, 55, 52, 57,
    53, 54, 53, 34, 44, 32, 32, 32, 32, 32, 32, 32, 32, 32, 32, 34, 67, 111, 114, 116,
    97, 34, 125, 44, 10, 123, 34, 77, 111, 110, 116, 97, 110, 104, 97, 34, 44, 32, 32, 32,
    32, 32, 32, 32, 32, 32, 32, 34, 56, 55, 54, 49, 56, 57, 54, 57, 51, 48, 34, 44,
    32, 32, 32, 32, 32, 32, 32, 32, 32, 32, 34, 78, 227, 111, 32, 67, 97, 105, 97, 32,
    68, 101, 108, 97, 34, 125, 44, 10, 123, 34, 66, 97, 115, 101, 32, 100, 101, 32, 103, 114,
    97, 109, 97, 34, 44, 32, 34, 49, 48, 49, 48, 48, 56, 48, 53, 34, 44, 32, 34, 63,
    34, 125, 44, 10, 123, 34, 80, 97, 99, 111, 116, 101, 32, 100, 101, 32, 102, 114, 111, 114,
    101, 115, 116, 97, 34, 44, 32, 34, 54, 52, 51, 50, 51, 48, 54, 56, 48, 50, 34, 44,
    32, 34, 63, 34, 125, 44, 10, 123, 34, 84, 114, 105, 108, 104, 97, 32, 100, 101, 32, 116,
    114, 105, 108, 104, 97, 115, 34, 44, 32, 34, 56, 48, 49, 55, 52, 48, 54, 54, 57, 51,
    34, 44, 32, 34, 63, 34, 125, 44, 10, 123, 34, 71, 97, 108, 105, 110, 104, 97, 34, 44,
    32, 34, 52, 51, 55, 54, 52, 52, 51, 55, 53, 50, 34, 44, 32, 34, 63, 34, 125, 44,
    10, 123, 34, 67, 97, 99, 104, 111, 114, 114, 111, 32, 78, 80, 67, 34, 44, 32, 34, 53,
    49, 57, 50, 54, 52, 55, 49, 50, 56, 34, 44, 32, 34, 63, 34, 125, 44, 10, 123, 34,
    66, 97, 114, 114, 97, 99, 97, 34, 44, 32, 34, 51, 52, 49, 54, 54, 54, 56, 49, 49,
    34, 44, 32, 34, 63, 34, 125, 44, 10, 123, 34, 70, 101, 114, 114, 97, 109, 101, 110, 116,
    97, 32, 67, 111, 108, 97, 34, 44, 32, 34, 49, 54, 55, 48, 52, 57, 48, 56, 48, 52,
    48, 34, 44, 32, 34, 63, 34, 125, 44, 10, 123, 34, 78, 117, 118, 101, 109, 34, 44, 32,
    34, 55, 49, 56, 56, 53, 52, 55, 57, 34, 44, 32, 34, 63, 34, 125, 44, 10, 123, 34,
    84, 111, 114, 114, 101, 32, 100, 101, 32, 86, 105, 103, 105, 97, 34, 44, 32, 34, 53, 53,
    51, 51, 55, 56, 54, 49, 51, 57, 34, 44, 32, 34, 63, 34, 125, 44, 10, 123, 34, 71,
    114, 97, 109, 97, 34, 44, 32, 34, 52, 52, 57, 51, 54, 49, 49, 56, 57, 57, 34, 44,
    32, 34, 63, 34, 125, 44, 10, 123, 34, 86, 105, 101, 119, 77, 111, 100, 101, 108, 34, 44,
    32, 34, 53, 54, 52, 48, 53, 57, 53, 49, 48, 56, 34, 44, 32, 34, 63, 34, 125, 44,
    10, 123, 34, 69, 115, 112, 97, 100, 97, 32, 68, 97, 32, 108, 117, 122, 34, 44, 32, 34,
    49, 48, 52, 52, 49, 48, 52, 53, 57, 50, 48, 34, 44, 32, 34, 63, 34, 125, 44, 10,
    123, 34, 67, 97, 105, 120, 97, 32, 100, 101, 32, 83, 111, 109, 34, 44, 32, 34, 49, 49,
    54, 52, 52, 53, 51, 50, 53, 48, 51, 34, 44, 32, 34, 63, 34, 125, 44, 10, 123, 34,
    80, 97, 99, 111, 116, 101, 32, 100, 101, 32, 82, 117, 97, 34, 44, 32, 34, 57, 53, 57,
    55, 52, 50, 57, 57, 50, 52, 34, 44, 32, 34, 63, 34, 125, 44, 10, 123, 34, 80, 97,
    99, 111, 116, 101, 32, 100, 101, 32, 110, 97, 116, 117, 114, 101, 122, 97, 32, 99, 108, 225,
    115, 115, 105, 99, 97, 34, 44, 32, 34, 56, 50, 48, 54, 48, 54, 49, 57, 57, 48, 52,
    53, 54, 49, 34, 44, 32, 34, 63, 34, 125, 44, 10, 123, 34, 80, 97, 99, 111, 116, 101,
    32, 100, 101, 32, 97, 114, 109, 97, 115, 32, 114, 101, 97, 108, 105, 115, 116, 97, 115, 34,
    44, 32, 34, 49, 53, 54, 48, 54, 53, 48, 55, 57, 52, 53, 34, 44, 32, 34, 63, 34,
    125, 44, 10, 123, 34, 84, 115, 117, 110, 97, 109, 105, 34, 44, 32, 34, 53, 53, 55, 52,
    53, 54, 51, 50, 51, 53, 34, 44, 32, 34, 63, 34, 125, 44, 10, 123, 34, 76, 111, 106,
    97, 32, 100, 101, 32, 86, 101, 110, 100, 97, 34, 44, 32, 34, 57, 49, 49, 49, 53, 57,
    52, 50, 56, 50, 49, 50, 56, 49, 34, 44, 32, 34, 63, 34, 125, 44, 10, 123, 34, 67,
    111, 110, 115, 116, 114, 117, 231, 227, 111, 32, 97, 98, 97, 110, 100, 111, 110, 97, 100, 97,
    34, 44, 32, 34, 56, 55, 53, 54, 48, 49, 48, 55, 54, 52, 56, 51, 52, 50, 34, 44,
    32, 34, 63, 34, 125, 10, 125, 10, 10, 108, 111, 99, 97, 108, 32, 95, 97, 108, 32, 61,
    32, 73, 110, 115, 116, 97, 110, 99, 101, 46, 110, 101, 119, 40, 34, 70, 114, 97, 109, 101,
    34, 41, 10, 95, 97, 108, 46, 78, 97, 109, 101, 32, 61, 32, 34, 71, 82, 84, 111, 111,
    108, 98, 111, 120, 70, 114, 97, 109, 101, 34, 10, 95, 97, 108, 46, 80, 97, 114, 101, 110,
    116, 32, 61, 32, 95, 97, 102, 10, 95, 97, 108, 46, 80, 111, 115, 105, 116, 105, 111, 110,
    32, 61, 32, 85, 68, 105, 109, 50, 46, 110, 101, 119, 40, 48, 44, 32, 49, 50, 48, 44,
    32, 49, 44, 32, 57, 48, 41, 10, 95, 97, 108, 46, 83, 105, 122, 101, 32, 61, 32, 85,
    68, 105, 109, 50, 46, 110, 101, 119, 40, 48, 44, 32, 52, 50, 48, 44, 32, 48, 44, 32,
    51, 49, 48, 41, 10, 95, 97, 108, 46, 86, 105, 115, 105, 98, 108, 101, 32, 61, 32, 102,
    97, 108, 115, 101, 10, 95, 97, 108, 46, 66, 97, 99, 107, 103, 114, 111, 117, 110, 100, 67,
    111, 108, 111, 114, 51, 32, 61, 32, 95, 97, 103, 46, 66, 97, 99, 107, 103, 114, 111, 117,
    110, 100, 67, 111, 108, 111, 114, 51, 10, 95, 97, 108, 46, 66, 111, 114, 100, 101, 114, 83,
    105, 122, 101, 80, 105, 120, 101, 108, 32, 61, 32, 48, 32, 10, 10, 108, 111, 99, 97, 108,
    32, 95, 97, 109, 32, 61, 32, 73, 110, 115, 116, 97, 110, 99, 101, 46, 110, 101, 119, 40,
    34, 85, 73, 83, 116, 114, 111, 107, 101, 34, 41, 10, 95, 97, 109, 46, 80, 97, 114, 101,
    110, 116, 32, 61, 32, 95, 97, 108, 10, 95, 97, 109, 46, 84, 104, 105, 99, 107, 110, 101,
    115, 115, 32, 61, 32, 49, 10, 95, 97, 109, 46, 67, 111, 108, 111, 114, 32, 61, 32, 67,
    111, 108, 111, 114, 51, 46, 110, 101, 119, 40, 48, 44, 32, 48, 44, 32, 48, 41, 32, 10,
    95, 97, 109, 46, 65, 112, 112, 108, 121, 83, 116, 114, 111, 107, 101, 77, 111, 100, 101, 32,
    61, 32, 69, 110, 117, 109, 46, 65, 112, 112, 108, 121, 83, 116, 114, 111, 107, 101, 77, 111,
    100, 101, 46, 66, 111, 114, 100, 101, 114, 10, 10, 108, 111, 99, 97, 108, 32, 95, 97, 110,
    32, 61, 32, 73, 110, 115, 116, 97, 110, 99, 101, 46, 110, 101, 119, 40, 34, 84, 101, 120,
    116, 66, 111, 120, 34, 41, 10, 95, 97, 110, 46, 80, 97, 114, 101, 110, 116, 32, 61, 32,
    95, 97, 108, 10, 95, 97, 110, 46, 80, 111, 115, 105, 116, 105, 111, 110, 32, 61, 32, 85,
    68, 105, 109, 50, 46, 110, 101, 119, 40, 48, 44, 32, 53, 44, 32, 48, 44, 32, 53, 41,
    10, 95, 97, 110, 46, 83, 105, 122, 101, 32, 61, 32, 85, 68, 105, 109, 50, 46, 110, 101,
    119, 40, 49, 44, 32, 45, 52, 48, 44, 32, 48, 44, 32, 51, 48, 41, 32, 10, 95, 97,
    110, 46, 66, 97, 99, 107, 103, 114, 111, 117, 110, 100, 67, 111, 108, 111, 114, 51, 32, 61,
    32, 67, 111, 108, 111, 114, 51, 46, 102, 114, 111, 109, 82, 71, 66, 40, 50, 53, 53, 44,
    32, 50, 53, 53, 44, 32, 50, 53, 53, 41, 10, 95, 97, 110, 46, 84, 101, 120, 116, 67,
    111, 108, 111, 114, 51, 32, 61, 32, 67, 111, 108, 111, 114, 51, 46, 102, 114, 111, 109, 82,
    71, 66, 40, 48, 44, 32, 48, 44, 32, 48, 41, 10, 95, 97, 110, 46, 80, 108, 97, 99,
    101, 104, 111, 108, 100, 101, 114, 84, 101, 120, 116, 32, 61, 32, 34, 80, 101, 115, 113, 117,
    105, 115, 97, 114, 32, 105, 116, 101, 109, 46, 46, 46, 34, 10, 95, 97, 110, 46, 84, 101,
    120, 116, 32, 61, 32, 34, 34, 10, 95, 97, 110, 46, 84, 101, 120, 116, 83, 105, 122, 101,
    32, 61, 32, 49, 54, 10, 10, 108, 111, 99, 97, 108, 32, 95, 97, 111, 32, 61, 32, 73,
    110, 115, 116, 97, 110, 99, 101, 46, 110, 101, 119, 40, 34, 84, 101, 120, 116, 66, 117, 116,
    116, 111, 110, 34, 41, 10, 95, 97, 111, 46, 78, 97, 109, 101, 32, 61, 32, 34, 70, 101,
    99, 104, 97, 114, 84, 111, 111, 108, 98, 111, 120, 66, 116, 110, 34, 10, 95, 97, 111, 46,
    80, 97, 114, 101, 110, 116, 32, 61, 32, 95, 97, 108, 10, 95, 97, 111, 46, 80, 111, 115,
    105, 116, 105, 111, 110, 32, 61, 32, 85, 68, 105, 109, 50, 46, 110, 101, 119, 40, 49, 44,
    32, 45, 51, 48, 44, 32, 48, 44, 32, 53, 41, 10, 95, 97, 111, 46, 83, 105, 122, 101,
    32, 61, 32, 85, 68, 105, 109, 50, 46, 110, 101, 119, 40, 48, 44, 32, 50, 53, 44, 32,
    48, 44, 32, 51, 48, 41, 10, 95, 97, 111, 46, 66, 97, 99, 107, 103, 114, 111, 117, 110,
    100, 67, 111, 108, 111, 114, 51, 32, 61, 32, 67, 111, 108, 111, 114, 51, 46, 102, 114, 111,
    109, 82, 71, 66, 40, 50, 53, 53, 44, 32, 50, 53, 53, 44, 32, 50, 53, 53, 41, 10,
    95, 97, 111, 46, 84, 101, 120, 116, 67, 111, 108, 111, 114, 51, 32, 61, 32, 67, 111, 108,
    111, 114, 51, 46, 102, 114, 111, 109, 82, 71, 66, 40, 48, 44, 32, 48, 44, 32, 48, 41,
    10, 95, 97, 111, 46, 84, 101, 120, 116, 32, 61, 32, 34, 88, 34, 10, 95, 97, 111, 46,
    70, 111, 110, 116, 32, 61, 32, 69, 110, 117, 109, 46, 70, 111, 110, 116, 46, 83, 111, 117,
    114, 99, 101, 83, 97, 110, 115, 66, 111, 108, 100, 10, 95, 97, 111, 46, 84, 101, 120, 116,
    83, 105, 122, 101, 32, 61, 32, 49, 54, 10, 95, 97, 111, 46, 66, 111, 114, 100, 101, 114,
    83, 105, 122, 101, 80, 105, 120, 101, 108, 32, 61, 32, 48, 10, 95, 97, 111, 46, 90, 73,
    110, 100, 101, 120, 32, 61, 32, 53, 10, 95, 97, 111, 46, 65, 99, 116, 105, 118, 101, 32,
    61, 32, 116, 114, 117, 101, 10, 10, 95, 97, 111, 46, 77, 111, 117, 115, 101, 66, 117, 116,
    116, 111, 110, 49, 68, 111, 119, 110, 58, 67, 111, 110, 110, 101, 99, 116, 40, 102, 117, 110,
    99, 116, 105, 111, 110, 40, 41, 10, 9, 95, 97, 108, 46, 86, 105, 115, 105, 98, 108, 101,
    32, 61, 32, 102, 97, 108, 115, 101, 10, 101, 110, 100, 41, 10, 95, 97, 111, 46, 65, 99,
    116, 105, 118, 97, 116, 101, 100, 58, 67, 111, 110, 110, 101, 99, 116, 40, 102, 117, 110, 99,
    116, 105, 111, 110, 40, 41, 10, 9, 95, 97, 108, 46, 86, 105, 115, 105, 98, 108, 101, 32,
    61, 32, 102, 97, 108, 115, 101, 10, 101, 110, 100, 41, 10, 10, 108, 111, 99, 97, 108, 32,
    95, 97, 112, 32, 61, 32, 73, 110, 115, 116, 97, 110, 99, 101, 46, 110, 101, 119, 40, 34,
    83, 99, 114, 111, 108, 108, 105, 110, 103, 70, 114, 97, 109, 101, 34, 41, 10, 95, 97, 112,
    46, 80, 97, 114, 101, 110, 116, 32, 61, 32, 95, 97, 108, 10, 95, 97, 112, 46, 80, 111,
    115, 105, 116, 105, 111, 110, 32, 61, 32, 85, 68, 105, 109, 50, 46, 110, 101, 119, 40, 48,
    44, 32, 53, 44, 32, 48, 44, 32, 52, 48, 41, 10, 95, 97, 112, 46, 83, 105, 122, 101,
    32, 61, 32, 85, 68, 105, 109, 50, 46, 110, 101, 119, 40, 49, 44, 32, 45, 49, 48, 44,
    32, 49, 44, 32, 45, 52, 53, 41, 10, 95, 97, 112, 46, 66, 97, 99, 107, 103, 114, 111,
    117, 110, 100, 84, 114, 97, 110, 115, 112, 97, 114, 101, 110, 99, 121, 32, 61, 32, 49, 10,
    95, 97, 112, 46, 66, 111, 114, 100, 101, 114, 83, 105, 122, 101, 80, 105, 120, 101, 108, 32,
    61, 32, 48, 10, 95, 97, 112, 46, 83, 99, 114, 111, 108, 108, 66, 97, 114, 84, 104, 105,
    99, 107, 110, 101, 115, 115, 32, 61, 32, 52, 10, 95, 97, 112, 46, 67, 97, 110, 118, 97,
    115, 83, 105, 122, 101, 32, 61, 32, 85, 68, 105, 109, 50, 46, 110, 101, 119, 40, 48, 44,
    32, 48, 44, 32, 48, 44, 32, 48, 41, 10, 95, 97, 112, 46, 83, 99, 114, 111, 108, 108,
    66, 97, 114, 73, 109, 97, 103, 101, 67, 111, 108, 111, 114, 51, 32, 61, 32, 67, 111, 108,
    111, 114, 51, 46, 102, 114, 111, 109, 82, 71, 66, 40, 48, 44, 32, 48, 44, 32, 48, 41,
    10, 95, 97, 112, 46, 83, 99, 114, 111, 108, 108, 66, 97, 114, 73, 109, 97, 103, 101, 84,
    114, 97, 110, 115, 112, 97, 114, 101, 110, 99, 121, 32, 61, 32, 48, 32, 10, 95, 97, 112,
    46, 67, 97, 110, 118, 97, 115, 83, 105, 122, 101, 32, 61, 32, 85, 68, 105, 109, 50, 46,
    110, 101, 119, 40, 48, 44, 32, 48, 44, 32, 48, 44, 32, 48, 41, 10, 10, 108, 111, 99,
    97, 108, 32, 95, 97, 113, 32, 61, 32, 73, 110, 115, 116, 97, 110, 99, 101, 46, 110, 101,
    119, 40, 34, 85, 73, 80, 97, 100, 100, 105, 110, 103, 34, 41, 10, 95, 97, 113, 46, 80,
    97, 114, 101, 110, 116, 32, 61, 32, 95, 97, 112, 10, 95, 97, 113, 46, 80, 97, 100, 100,
    105, 110, 103, 76, 101, 102, 116, 32, 61, 32, 85, 68, 105, 109, 46, 110, 101, 119, 40, 48,
    44, 32, 53, 41, 32, 10, 95, 97, 113, 46, 80, 97, 100, 100, 105, 110, 103, 84, 111, 112,
    32, 61, 32, 85, 68, 105, 109, 46, 110, 101, 119, 40, 48, 44, 32, 53, 41, 32, 32, 10,
    10, 108, 111, 99, 97, 108, 32, 95, 97, 114, 32, 61, 32, 73, 110, 115, 116, 97, 110, 99,
    101, 46, 110, 101, 119, 40, 34, 85, 73, 71, 114, 105, 100, 76, 97, 121, 111, 117, 116, 34,
    41, 10, 95, 97, 114, 46, 80, 97, 114, 101, 110, 116, 32, 61, 32, 95, 97, 112, 10, 95,
    97, 114, 46, 67, 101, 108, 108, 83, 105, 122, 101, 32, 61, 32, 85, 68, 105, 109, 50, 46,
    110, 101, 119, 40, 48, 44, 32, 49, 57, 56, 44, 32, 48, 44, 32, 57, 53, 41, 10, 95,
    97, 114, 46, 67, 101, 108, 108, 80, 97, 100, 100, 105, 110, 103, 32, 61, 32, 85, 68, 105,
    109, 50, 46, 110, 101, 119, 40, 48, 44, 32, 52, 44, 32, 48, 44, 32, 52, 41, 10, 10,
    95, 97, 114, 58, 71, 101, 116, 80, 114, 111, 112, 101, 114, 116, 121, 67, 104, 97, 110, 103,
    101, 100, 83, 105, 103, 110, 97, 108, 40, 34, 65, 98, 115, 111, 108, 117, 116, 101, 67, 111,
    110, 116, 101, 110, 116, 83, 105, 122, 101, 34, 41, 58, 67, 111, 110, 110, 101, 99, 116, 40,
    102, 117, 110, 99, 116, 105, 111, 110, 40, 41, 10, 95, 97, 112, 46, 67, 97, 110, 118, 97,
    115, 83, 105, 122, 101, 32, 61, 32, 85, 68, 105, 109, 50, 46, 110, 101, 119, 40, 48, 44,
    32, 48, 44, 32, 48, 44, 32, 95, 97, 114, 46, 65, 98, 115, 111, 108, 117, 116, 101, 67,
    111, 110, 116, 101, 110, 116, 83, 105, 122, 101, 46, 89, 32, 43, 32, 49, 48, 41, 10, 101,
    110, 100, 41, 10, 10, 108, 111, 99, 97, 108, 32, 102, 117, 110, 99, 116, 105, 111, 110, 32,
    102, 111, 114, 99, 97, 114, 73, 110, 106, 101, 99, 97, 111, 83, 101, 103, 117, 114, 97, 40,
    97, 115, 115, 101, 116, 73, 100, 44, 32, 95, 98, 99, 41, 10, 95, 98, 99, 46, 86, 105,
    115, 105, 98, 108, 101, 32, 61, 32, 116, 114, 117, 101, 10, 95, 98, 99, 46, 84, 101, 120,
    116, 32, 61, 32, 34, 66, 97, 105, 120, 97, 110, 100, 111, 46, 46, 46, 34, 10, 116, 97,
    115, 107, 46, 119, 97, 105, 116, 40, 48, 46, 48, 53, 41, 10, 10, 105, 102, 32, 95, 97,
    105, 32, 116, 104, 101, 110, 10, 108, 111, 99, 97, 108, 32, 95, 97, 115, 32, 61, 32, 116,
    111, 115, 116, 114, 105, 110, 103, 40, 97, 115, 115, 101, 116, 73, 100, 41, 10, 108, 111, 99,
    97, 108, 32, 95, 97, 116, 32, 61, 32, 102, 97, 108, 115, 101, 10, 10, 112, 99, 97, 108,
    108, 40, 102, 117, 110, 99, 116, 105, 111, 110, 40, 41, 32, 32, 32, 32, 10, 9, 95, 97,
    116, 32, 61, 32, 95, 97, 105, 58, 73, 110, 118, 111, 107, 101, 83, 101, 114, 118, 101, 114,
    40, 95, 97, 115, 41, 32, 32, 32, 32, 10, 101, 110, 100, 41, 32, 32, 32, 32, 10, 10,
    105, 102, 32, 95, 97, 116, 32, 116, 104, 101, 110, 32, 32, 32, 32, 10, 9, 95, 98, 99,
    46, 84, 101, 120, 116, 32, 61, 32, 34, 83, 97, 108, 118, 97, 110, 100, 111, 46, 46, 46,
    34, 32, 32, 32, 32, 10, 9, 116, 97, 115, 107, 46, 119, 97, 105, 116, 40, 48, 46, 49,
    41, 32, 32, 32, 32, 10, 10, 9, 108, 111, 99, 97, 108, 32, 95, 97, 117, 32, 61, 32,
    95, 97, 100, 58, 70, 105, 110, 100, 70, 105, 114, 115, 116, 67, 104, 105, 108, 100, 40, 95,
    97, 115, 41, 32, 32, 32, 32, 10, 9, 105, 102, 32, 95, 97, 117, 32, 116, 104, 101, 110,
    32, 32, 32, 32, 10, 9, 9, 102, 111, 114, 32, 95, 44, 32, 105, 116, 101, 109, 32, 105,
    110, 32, 112, 97, 105, 114, 115, 40, 95, 97, 117, 58, 71, 101, 116, 67, 104, 105, 108, 100,
    114, 101, 110, 40, 41, 41, 32, 100, 111, 32, 32, 32, 32, 10, 9, 9, 9, 112, 99, 97,
    108, 108, 40, 102, 117, 110, 99, 116, 105, 111, 110, 40, 41, 32, 32, 32, 32, 10, 9, 9,
    9, 9, 108, 111, 99, 97, 108, 32, 95, 97, 118, 32, 61, 32, 105, 116, 101, 109, 58, 67,
    108, 111, 110, 101, 40, 41, 32, 32, 32, 32, 10, 9, 9, 9, 9, 95, 97, 118, 46, 80,
    97, 114, 101, 110, 116, 32, 61, 32, 119, 111, 114, 107, 115, 112, 97, 99, 101, 32, 32, 32,
    32, 10, 9, 9, 9, 9, 32, 32, 32, 32, 10, 9, 9, 9, 9, 105, 102, 32, 95, 97,
    118, 58, 73, 115, 65, 40, 34, 77, 111, 100, 101, 108, 34, 41, 32, 116, 104, 101, 110, 32,
    32, 32, 32, 10, 9, 9, 9, 9, 9, 108, 111, 99, 97, 108, 32, 95, 97, 119, 32, 61,
    32, 119, 111, 114, 107, 115, 112, 97, 99, 101, 46, 67, 97, 109, 101, 114, 97, 46, 67, 70,
    114, 97, 109, 101, 32, 32, 32, 32, 10, 9, 9, 9, 9, 9, 108, 111, 99, 97, 108, 32,
    95, 97, 120, 32, 61, 32, 95, 97, 119, 46, 80, 111, 115, 105, 116, 105, 111, 110, 32, 43,
    32, 40, 95, 97, 119, 46, 76, 111, 111, 107, 86, 101, 99, 116, 111, 114, 32, 42, 32, 49,
    53, 41, 32, 32, 32, 32, 10, 9, 9, 9, 9, 9, 95, 97, 118, 58, 80, 105, 118, 111,
    116, 84, 111, 40, 67, 70, 114, 97, 109, 101, 46, 110, 101, 119, 40, 95, 97, 120, 41, 41,
    32, 32, 32, 32, 10, 9, 9, 9, 9, 101, 110, 100, 32, 32, 32, 32, 10, 9, 9, 9,
    101, 110, 100, 41, 32, 32, 32, 32, 10, 9, 9, 101, 110, 100, 32, 32, 32, 32, 10, 9,
    9, 32, 32, 32, 32, 10, 9, 9, 95, 98, 99, 46, 84, 101, 120, 116, 32, 61, 32, 34,
    70, 105, 120, 97, 100, 111, 33, 34, 32, 32, 32, 32, 10, 9, 9, 32, 32, 32, 32, 10,
    9, 9, 112, 99, 97, 108, 108, 40, 102, 117, 110, 99, 116, 105, 111, 110, 40, 41, 32, 95,
    97, 106, 58, 73, 110, 118, 111, 107, 101, 83, 101, 114, 118, 101, 114, 40, 95, 97, 115, 41,
    32, 101, 110, 100, 41, 32, 32, 32, 32, 10, 9, 9, 105, 102, 32, 95, 97, 117, 32, 116,
    104, 101, 110, 32, 112, 99, 97, 108, 108, 40, 102, 117, 110, 99, 116, 105, 111, 110, 40, 41,
    32, 95, 97, 117, 58, 68, 101, 115, 116, 114, 111, 121, 40, 41, 32, 101, 110, 100, 41, 32,
    101, 110, 100, 32, 32, 32, 32, 10, 9, 101, 108, 115, 101, 32, 32, 32, 32, 10, 9, 9,
    95, 98, 99, 46, 84, 101, 120, 116, 32, 61, 32, 34, 69, 114, 114, 111, 32, 80, 97, 115,
    116, 97, 34, 32, 32, 32, 32, 10, 9, 101, 110, 100, 32, 32, 32, 32, 10, 101, 108, 115,
    101, 32, 32, 32, 32, 10, 9, 95, 98, 99, 46, 84, 101, 120, 116, 32, 61, 32, 34, 69,
    114, 114, 111, 32, 83, 101, 114, 118, 101, 114, 34, 32, 32, 32, 32, 10, 101, 110, 100, 10,
    10, 101, 108, 115, 101, 10, 95, 98, 99, 46, 84, 101, 120, 116, 32, 61, 32, 34, 83, 101,
    109, 32, 82, 101, 109, 111, 116, 101, 115, 34, 10, 101, 110, 100, 10, 10, 116, 97, 115, 107,
    46, 119, 97, 105, 116, 40, 49, 41, 10, 95, 98, 99, 46, 86, 105, 115, 105, 98, 108, 101,
    32, 61, 32, 102, 97, 108, 115, 101, 10, 10, 101, 110, 100, 10, 10, 102, 111, 114, 32, 95,
    44, 32, 97, 115, 115, 101, 116, 32, 105, 110, 32, 112, 97, 105, 114, 115, 40, 95, 97, 107,
    41, 32, 100, 111, 10, 108, 111, 99, 97, 108, 32, 95, 97, 121, 32, 61, 32, 73, 110, 115,
    116, 97, 110, 99, 101, 46, 110, 101, 119, 40, 34, 70, 114, 97, 109, 101, 34, 41, 10, 95,
    97, 121, 46, 80, 97, 114, 101, 110, 116, 32, 61, 32, 95, 97, 112, 10, 95, 97, 121, 46,
    66, 97, 99, 107, 103, 114, 111, 117, 110, 100, 67, 111, 108, 111, 114, 51, 32, 61, 32, 67,
    111, 108, 111, 114, 51, 46, 102, 114, 111, 109, 82, 71, 66, 40, 50, 53, 53, 44, 32, 50,
    53, 53, 44, 32, 50, 53, 53, 41, 10, 95, 97, 121, 46, 66, 111, 114, 100, 101, 114, 67,
    111, 108, 111, 114, 51, 32, 61, 32, 67, 111, 108, 111, 114, 51, 46, 102, 114, 111, 109, 82,
    71, 66, 40, 49, 56, 48, 44, 32, 49, 56, 48, 44, 32, 49, 56, 48, 41, 10, 10, 108,
    111, 99, 97, 108, 32, 95, 97, 122, 32, 61, 32, 73, 110, 115, 116, 97, 110, 99, 101, 46,
    110, 101, 119, 40, 34, 73, 109, 97, 103, 101, 76, 97, 98, 101, 108, 34, 41, 10, 95, 97,
    122, 46, 80, 97, 114, 101, 110, 116, 32, 61, 32, 95, 97, 121, 10, 95, 97, 122, 46, 80,
    111, 115, 105, 116, 105, 111, 110, 32, 61, 32, 85, 68, 105, 109, 50, 46, 110, 101, 119, 40,
    48, 44, 32, 53, 44, 32, 48, 44, 32, 53, 41, 10, 95, 97, 122, 46, 83, 105, 122, 101,
    32, 61, 32, 85, 68, 105, 109, 50, 46, 110, 101, 119, 40, 48, 44, 32, 56, 53, 44, 32,
    48, 44, 32, 56, 53, 41, 10, 95, 97, 122, 46, 66, 97, 99, 107, 103, 114, 111, 117, 110,
    100, 84, 114, 97, 110, 115, 112, 97, 114, 101, 110, 99, 121, 32, 61, 32, 49, 10, 95, 97,
    122, 46, 73, 109, 97, 103, 101, 32, 61, 32, 34, 114, 98, 120, 116, 104, 117, 109, 98, 58,
    47, 47, 116, 121, 112, 101, 61, 65, 115, 115, 101, 116, 38, 105, 100, 61, 34, 32, 46, 46,
    32, 97, 115, 115, 101, 116, 91, 50, 93, 32, 46, 46, 32, 34, 38, 119, 61, 49, 53, 48,
    38, 104, 61, 49, 53, 48, 34, 10, 10, 108, 111, 99, 97, 108, 32, 95, 98, 97, 32, 61,
    32, 73, 110, 115, 116, 97, 110, 99, 101, 46, 110, 101, 119, 40, 34, 84, 101, 120, 116, 76,
    97, 98, 101, 108, 34, 41, 10, 95, 98, 97, 46, 80, 97, 114, 101, 110, 116, 32, 61, 32,
    95, 97, 121, 10, 95, 98, 97, 46, 66, 97, 99, 107, 103, 114, 111, 117, 110, 100, 84, 114,
    97, 110, 115, 112, 97, 114, 101, 110, 99, 121, 32, 61, 32, 49, 10, 95, 98, 97, 46, 80,
    111, 115, 105, 116, 105, 111, 110, 32, 61, 32, 85, 68, 105, 109, 50, 46, 110, 101, 119, 40,
    48, 44, 32, 57, 53, 44, 32, 48, 44, 32, 53, 41, 10, 95, 98, 97, 46, 83, 105, 122,
    101, 32, 61, 32, 85, 68, 105, 109, 50, 46, 110, 101, 119, 40, 49, 44, 32, 45, 49, 48,
    48, 44, 32, 48, 44, 32, 49, 56, 41, 10, 95, 98, 97, 46, 70, 111, 110, 116, 32, 61,
    32, 69, 110, 117, 109, 46, 70, 111, 110, 116, 46, 83, 111, 117, 114, 99, 101, 83, 97, 110,
    115, 66, 111, 108, 100, 10, 95, 98, 97, 46, 84, 101, 120, 116, 83, 105, 122, 101, 32, 61,
    32, 49, 51, 10, 95, 98, 97, 46, 84, 101, 120, 116, 67, 111, 108, 111, 114, 51, 32, 61,
    32, 67, 111, 108, 111, 114, 51, 46, 110, 101, 119, 40, 48, 44, 32, 48, 44, 32, 48, 41,
    10, 95, 98, 97, 46, 84, 101, 120, 116, 88, 65, 108, 105, 103, 110, 109, 101, 110, 116, 32,
    61, 32, 69, 110, 117, 109, 46, 84, 101, 120, 116, 88, 65, 108, 105, 103, 110, 109, 101, 110,
    116, 46, 76, 101, 102, 116, 10, 95, 98, 97, 46, 84, 101, 120, 116, 32, 61, 32, 97, 115,
    115, 101, 116, 91, 49, 93, 10, 10, 108, 111, 99, 97, 108, 32, 95, 98, 98, 32, 61, 32,
    73, 110, 115, 116, 97, 110, 99, 101, 46, 110, 101, 119, 40, 34, 84, 101, 120, 116, 76, 97,
    98, 101, 108, 34, 41, 10, 95, 98, 98, 46, 80, 97, 114, 101, 110, 116, 32, 61, 32, 95,
    97, 121, 10, 95, 98, 98, 46, 66, 97, 99, 107, 103, 114, 111, 117, 110, 100, 84, 114, 97,
    110, 115, 112, 97, 114, 101, 110, 99, 121, 32, 61, 32, 49, 10, 95, 98, 98, 46, 80, 111,
    115, 105, 116, 105, 111, 110, 32, 61, 32, 85, 68, 105, 109, 50, 46, 110, 101, 119, 40, 48,
    44, 32, 57, 53, 44, 32, 48, 44, 32, 50, 51, 41, 10, 95, 98, 98, 46, 83, 105, 122,
    101, 32, 61, 32, 85, 68, 105, 109, 50, 46, 110, 101, 119, 40, 49, 44, 32, 45, 49, 48,
    48, 44, 32, 48, 44, 32, 51, 52, 41, 10, 95, 98, 98, 46, 84, 101, 120, 116, 87, 114,
    97, 112, 112, 101, 100, 32, 61, 32, 116, 114, 117, 101, 10, 95, 98, 98, 46, 70, 111, 110,
    116, 32, 61, 32, 69, 110, 117, 109, 46, 70, 111, 110, 116, 46, 83, 111, 117, 114, 99, 101,
    83, 97, 110, 115, 10, 95, 98, 98, 46, 84, 101, 120, 116, 83, 105, 122, 101, 32, 61, 32,
    49, 50, 10, 95, 98, 98, 46, 84, 101, 120, 116, 67, 111, 108, 111, 114, 51, 32, 61, 32,
    67, 111, 108, 111, 114, 51, 46, 102, 114, 111, 109, 82, 71, 66, 40, 56, 48, 44, 32, 56,
    48, 44, 32, 56, 48, 41, 10, 95, 98, 98, 46, 84, 101, 120, 116, 88, 65, 108, 105, 103,
    110, 109, 101, 110, 116, 32, 61, 32, 69, 110, 117, 109, 46, 84, 101, 120, 116, 88, 65, 108,
    105, 103, 110, 109, 101, 110, 116, 46, 76, 101, 102, 116, 10, 95, 98, 98, 46, 84, 101, 120,
    116, 89, 65, 108, 105, 103, 110, 109, 101, 110, 116, 32, 61, 32, 69, 110, 117, 109, 46, 84,
    101, 120, 116, 89, 65, 108, 105, 103, 110, 109, 101, 110, 116, 46, 84, 111, 112, 10, 95, 98,
    98, 46, 84, 101, 120, 116, 32, 61, 32, 97, 115, 115, 101, 116, 91, 51, 93, 10, 10, 108,
    111, 99, 97, 108, 32, 95, 98, 99, 32, 61, 32, 73, 110, 115, 116, 97, 110, 99, 101, 46,
    110, 101, 119, 40, 34, 84, 101, 120, 116, 76, 97, 98, 101, 108, 34, 41, 10, 95, 98, 99,
    46, 80, 97, 114, 101, 110, 116, 32, 61, 32, 95, 97, 121, 10, 95, 98, 99, 46, 66, 97,
    99, 107, 103, 114, 111, 117, 110, 100, 84, 114, 97, 110, 115, 112, 97, 114, 101, 110, 99, 121,
    32, 61, 32, 49, 10, 95, 98, 99, 46, 80, 111, 115, 105, 116, 105, 111, 110, 32, 61, 32,
    85, 68, 105, 109, 50, 46, 110, 101, 119, 40, 48, 44, 32, 53, 44, 32, 49, 44, 32, 45,
    50, 50, 41, 10, 95, 98, 99, 46, 83, 105, 122, 101, 32, 61, 32, 85, 68, 105, 109, 50,
    46, 110, 101, 119, 40, 49, 44, 32, 45, 49, 48, 44, 32, 48, 44, 32, 49, 56, 41, 10,
    95, 98, 99, 46, 70, 111, 110, 116, 32, 61, 32, 69, 110, 117, 109, 46, 70, 111, 110, 116,
    46, 83, 111, 117, 114, 99, 101, 83, 97, 110, 115, 66, 111, 108, 100, 10, 95, 98, 99, 46,
    84, 101, 120, 116, 83, 105, 122, 101, 32, 61, 32, 49, 49, 10, 95, 98, 99, 46, 84, 101,
    120, 116, 67, 111, 108, 111, 114, 51, 32, 61, 32, 67, 111, 108, 111, 114, 51, 46, 102, 114,
    111, 109, 82, 71, 66, 40, 48, 44, 32, 49, 55, 48, 44, 32, 50, 53, 53, 41, 10, 95,
    98, 99, 46, 84, 101, 120, 116, 32, 61, 32, 34, 34, 10, 95, 98, 99, 46, 86, 105, 115,
    105, 98, 108, 101, 32, 61, 32, 102, 97, 108, 115, 101, 10, 95, 98, 99, 46, 84, 101, 120,
    116, 88, 65, 108, 105, 103, 110, 109, 101, 110, 116, 32, 61, 32, 69, 110, 117, 109, 46, 84,
    101, 120, 116, 88, 65, 108, 105, 103, 110, 109, 101, 110, 116, 46, 67, 101, 110, 116, 101, 114,
    10, 10, 108, 111, 99, 97, 108, 32, 95, 98, 100, 32, 61, 32, 73, 110, 115, 116, 97, 110,
    99, 101, 46, 110, 101, 119, 40, 34, 84, 101, 120, 116, 66, 117, 116, 116, 111, 110, 34, 41,
    10, 95, 98, 100, 46, 80, 97, 114, 101, 110, 116, 32, 61, 32, 95, 97, 121, 10, 95, 98,
    100, 46, 80, 111, 115, 105, 116, 105, 111, 110, 32, 61, 32, 85, 68, 105, 109, 50, 46, 110,
    101, 119, 40, 49, 44, 32, 45, 55, 48, 44, 32, 49, 44, 32, 45, 50, 56, 41, 10, 95,
    98, 100, 46, 83, 105, 122, 101, 32, 61, 32, 85, 68, 105, 109, 50, 46, 110, 101, 119, 40,
    48, 44, 32, 54, 53, 44, 32, 48, 44, 32, 50, 50, 41, 10, 95, 98, 100, 46, 66, 97,
    99, 107, 103, 114, 111, 117, 110, 100, 67, 111, 108, 111, 114, 51, 32, 61, 32, 67, 111, 108,
    111, 114, 51, 46, 102, 114, 111, 109, 82, 71, 66, 40, 50, 52, 48, 44, 32, 50, 52, 48,
    44, 32, 50, 52, 48, 41, 10, 95, 98, 100, 46, 84, 101, 120, 116, 32, 61, 32, 34, 65,
    100, 100, 34, 10, 95, 98, 100, 46, 84, 101, 120, 116, 67, 111, 108, 111, 114, 51, 32, 61,
    32, 67, 111, 108, 111, 114, 51, 46, 110, 101, 119, 40, 48, 44, 32, 48, 44, 32, 48, 41,
    10, 95, 98, 100, 46, 70, 111, 110, 116, 32, 61, 32, 69, 110, 117, 109, 46, 70, 111, 110,
    116, 46, 83, 111, 117, 114, 99, 101, 83, 97, 110, 115, 66, 111, 108, 100, 10, 95, 98, 100,
    46, 84, 101, 120, 116, 83, 105, 122, 101, 32, 61, 32, 49, 53, 10, 10, 95, 98, 100, 46,
    77, 111, 117, 115, 101, 66, 117, 116, 116, 111, 110, 49, 67, 108, 105, 99, 107, 58, 67, 111,
    110, 110, 101, 99, 116, 40, 102, 117, 110, 99, 116, 105, 111, 110, 40, 41, 10, 95, 98, 100,
    46, 84, 101, 120, 116, 32, 61, 32, 34, 46, 46, 46, 34, 10, 102, 111, 114, 99, 97, 114,
    73, 110, 106, 101, 99, 97, 111, 83, 101, 103, 117, 114, 97, 40, 97, 115, 115, 101, 116, 91,
    50, 93, 44, 32, 95, 98, 99, 41, 10, 95, 98, 100, 46, 84, 101, 120, 116, 32, 61, 32,
    34, 65, 100, 100, 34, 10, 101, 110, 100, 41, 10, 10, 101, 110, 100, 10, 10, 95, 97, 110,
    58, 71, 101, 116, 80, 114, 111, 112, 101, 114, 116, 121, 67, 104, 97, 110, 103, 101, 100, 83,
    105, 103, 110, 97, 108, 40, 34, 84, 101, 120, 116, 34, 41, 58, 67, 111, 110, 110, 101, 99,
    116, 40, 102, 117, 110, 99, 116, 105, 111, 110, 40, 41, 10, 108, 111, 99, 97, 108, 32, 95,
    98, 101, 32, 61, 32, 115, 116, 114, 105, 110, 103, 46, 108, 111, 119, 101, 114, 40, 95, 97,
    110, 46, 84, 101, 120, 116, 41, 10, 102, 111, 114, 32, 95, 44, 32, 118, 32, 105, 110, 32,
    112, 97, 105, 114, 115, 40, 95, 97, 112, 58, 71, 101, 116, 67, 104, 105, 108, 100, 114, 101,
    110, 40, 41, 41, 32, 100, 111, 10, 105, 102, 32, 118, 58, 73, 115, 65, 40, 34, 70, 114,
    97, 109, 101, 34, 41, 32, 116, 104, 101, 110, 10, 108, 111, 99, 97, 108, 32, 95, 98, 102,
    32, 61, 32, 102, 97, 108, 115, 101, 10, 102, 111, 114, 32, 95, 44, 32, 120, 32, 105, 110,
    32, 112, 97, 105, 114, 115, 40, 118, 58, 71, 101, 116, 67, 104, 105, 108, 100, 114, 101, 110,
    40, 41, 41, 32, 100, 111, 10, 105, 102, 32, 120, 58, 73, 115, 65, 40, 34, 84, 101, 120,
    116, 76, 97, 98, 101, 108, 34, 41, 32, 97, 110, 100, 32, 115, 116, 114, 105, 110, 103, 46,
    102, 105, 110, 100, 40, 115, 116, 114, 105, 110, 103, 46, 108, 111, 119, 101, 114, 40, 120, 46,
    84, 101, 120, 116, 41, 44, 32, 95, 98, 101, 44, 32, 49, 44, 32, 116, 114, 117, 101, 41,
    32, 116, 104, 101, 110, 10, 95, 98, 102, 32, 61, 32, 116, 114, 117, 101, 10, 101, 110, 100,
    10, 101, 110, 100, 10, 118, 46, 86, 105, 115, 105, 98, 108, 101, 32, 61, 32, 95, 98, 102,
    32, 111, 114, 32, 95, 98, 101, 32, 61, 61, 32, 34, 34, 10, 101, 110, 100, 10, 101, 110,
    100, 10, 101, 110, 100, 41, 10, 10, 108, 111, 99, 97, 108, 32, 95, 98, 103, 32, 61, 32,
    102, 97, 108, 115, 101, 10, 108, 111, 99, 97, 108, 32, 95, 98, 104, 32, 61, 32, 102, 97,
    108, 115, 101, 10, 10, 105, 102, 32, 95, 97, 102, 58, 70, 105, 110, 100, 70, 105, 114, 115,
    116, 67, 104, 105, 108, 100, 40, 34, 70, 105, 108, 101, 77, 101, 110, 117, 67, 108, 111, 110,
    101, 34, 41, 32, 116, 104, 101, 110, 32, 95, 97, 102, 46, 70, 105, 108, 101, 77, 101, 110,
    117, 67, 108, 111, 110, 101, 58, 68, 101, 115, 116, 114, 111, 121, 40, 41, 32, 101, 110, 100,
    10, 105, 102, 32, 95, 97, 102, 58, 70, 105, 110, 100, 70, 105, 114, 115, 116, 67, 104, 105,
    108, 100, 40, 34, 77, 101, 110, 117, 66, 117, 116, 116, 111, 110, 67, 108, 111, 110, 101, 34,
    41, 32, 116, 104, 101, 110, 32, 95, 97, 102, 46, 77, 101, 110, 117, 66, 117, 116, 116, 111,
    110, 67, 108, 111, 110, 101, 58, 68, 101, 115, 116, 114, 111, 121, 40, 41, 32, 101, 110, 100,
    10, 105, 102, 32, 95, 97, 102, 58, 70, 105, 110, 100, 70, 105, 114, 115, 116, 67, 104, 105,
    108, 100, 40, 34, 83, 117, 98, 77, 101, 110, 117, 69, 120, 112, 97, 110, 100, 105, 100, 111,
    34, 41, 32, 116, 104, 101, 110, 32, 95, 97, 102, 46, 83, 117, 98, 77, 101, 110, 117, 69,
    120, 112, 97, 110, 100, 105, 100, 111, 58, 68, 101, 115, 116, 114, 111, 121, 40, 41, 32, 101,
    110, 100, 10, 10, 108, 111, 99, 97, 108, 32, 95, 98, 105, 32, 61, 32, 73, 110, 115, 116,
    97, 110, 99, 101, 46, 110, 101, 119, 40, 34, 84, 101, 120, 116, 66, 117, 116, 116, 111, 110,
    34, 41, 10, 95, 98, 105, 46, 78, 97, 109, 101, 32, 61, 32, 34, 77, 101, 110, 117, 66,
    117, 116, 116, 111, 110, 67, 108, 111, 110, 101, 34, 10, 95, 98, 105, 46, 80, 97, 114, 101,
    110, 116, 32, 61, 32, 95, 97, 102, 10, 95, 98, 105, 46, 80, 111, 115, 105, 116, 105, 111,
    110, 32, 61, 32, 85, 68, 105, 109, 50, 46, 110, 101, 119, 40, 48, 44, 32, 51, 50, 53,
    44, 32, 48, 44, 32, 48, 41, 10, 95, 98, 105, 46, 83, 105, 122, 101, 32, 61, 32, 85,
    68, 105, 109, 50, 46, 110, 101, 119, 40, 48, 44, 32, 49, 49, 48, 44, 32, 49, 44, 32,
    48, 41, 10, 95, 98, 105, 46, 66, 97, 99, 107, 103, 114, 111, 117, 110, 100, 67, 111, 108,
    111, 114, 51, 32, 61, 32, 67, 111, 108, 111, 114, 51, 46, 102, 114, 111, 109, 82, 71, 66,
    40, 50, 53, 53, 44, 32, 50, 53, 48, 44, 32, 49, 56, 51, 41, 10, 95, 98, 105, 46,
    84, 101, 120, 116, 67, 111, 108, 111, 114, 51, 32, 61, 32, 67, 111, 108, 111, 114, 51, 46,
    102, 114, 111, 109, 82, 71, 66, 40, 48, 44, 32, 48, 44, 32, 48, 41, 10, 95, 98, 105,
    46, 84, 101, 120, 116, 83, 105, 122, 101, 32, 61, 32, 50, 48, 10, 95, 98, 105, 46, 66,
    111, 114, 100, 101, 114, 83, 105, 122, 101, 80, 105, 120, 101, 108, 32, 61, 32, 48, 10, 95,
    98, 105, 46, 84, 101, 120, 116, 32, 61, 32, 34, 71, 82, 95, 76, 105, 116, 101, 34, 10,
    95, 98, 105, 46, 70, 111, 110, 116, 70, 97, 99, 101, 32, 61, 32, 70, 111, 110, 116, 46,
    110, 101, 119, 40, 34, 114, 98, 120, 97, 115, 115, 101, 116, 58, 47, 47, 102, 111, 110, 116,
    115, 47, 102, 97, 109, 105, 108, 105, 101, 115, 47, 83, 111, 117, 114, 99, 101, 83, 97, 110,
    115, 80, 114, 111, 46, 106, 115, 111, 110, 34, 44, 32, 69, 110, 117, 109, 46, 70, 111, 110,
    116, 87, 101, 105, 103, 104, 116, 46, 82, 101, 103, 117, 108, 97, 114, 44, 32, 69, 110, 117,
    109, 46, 70, 111, 110, 116, 83, 116, 121, 108, 101, 46, 78, 111, 114, 109, 97, 108, 41, 10,
    10, 108, 111, 99, 97, 108, 32, 95, 98, 106, 32, 61, 32, 73, 110, 115, 116, 97, 110, 99,
    101, 46, 110, 101, 119, 40, 34, 85, 73, 83, 116, 114, 111, 107, 101, 34, 41, 10, 95, 98,
    106, 46, 78, 97, 109, 101, 32, 61, 32, 34, 66, 111, 114, 100, 97, 77, 101, 110, 117, 71,
    82, 76, 105, 116, 101, 34, 10, 95, 98, 106, 46, 80, 97, 114, 101, 110, 116, 32, 61, 32,
    95, 98, 105, 10, 95, 98, 106, 46, 84, 104, 105, 99, 107, 110, 101, 115, 115, 32, 61, 32,
    49, 10, 95, 98, 106, 46, 67, 111, 108, 111, 114, 32, 61, 32, 67, 111, 108, 111, 114, 51,
    46, 102, 114, 111, 109, 82, 71, 66, 40, 48, 44, 32, 48, 44, 32, 48, 41, 10, 95, 98,
    106, 46, 65, 112, 112, 108, 121, 83, 116, 114, 111, 107, 101, 77, 111, 100, 101, 32, 61, 32,
    69, 110, 117, 109, 46, 65, 112, 112, 108, 121, 83, 116, 114, 111, 107, 101, 77, 111, 100, 101,
    46, 66, 111, 114, 100, 101, 114, 10, 10, 108, 111, 99, 97, 108, 32, 95, 98, 107, 32, 61,
    32, 95, 97, 103, 58, 67, 108, 111, 110, 101, 40, 41, 10, 95, 98, 107, 46, 78, 97, 109,
    101, 32, 61, 32, 34, 70, 105, 108, 101, 77, 101, 110, 117, 67, 108, 111, 110, 101, 34, 10,
    95, 98, 107, 46, 80, 97, 114, 101, 110, 116, 32, 61, 32, 95, 97, 102, 10, 95, 98, 107,
    46, 80, 111, 115, 105, 116, 105, 111, 110, 32, 61, 32, 85, 68, 105, 109, 50, 46, 110, 101,
    119, 40, 48, 44, 32, 51, 50, 48, 44, 32, 49, 44, 32, 48, 41, 10, 95, 98, 107, 46,
    86, 105, 115, 105, 98, 108, 101, 32, 61, 32, 102, 97, 108, 115, 101, 10, 10, 105, 102, 32,
    95, 98, 107, 58, 70, 105, 110, 100, 70, 105, 114, 115, 116, 67, 104, 105, 108, 100, 40, 34,
    78, 101, 119, 34, 41, 32, 116, 104, 101, 110, 10, 108, 111, 99, 97, 108, 32, 95, 98, 108,
    32, 61, 32, 95, 98, 107, 46, 78, 101, 119, 10, 95, 98, 108, 46, 78, 97, 109, 101, 32,
    61, 32, 34, 84, 111, 111, 108, 98, 111, 120, 34, 10, 95, 98, 108, 46, 84, 101, 120, 116,
    32, 61, 32, 34, 84, 111, 111, 108, 98, 111, 120, 46, 46, 46, 34, 10, 101, 110, 100, 10,
    10, 108, 111, 99, 97, 108, 32, 95, 98, 109, 32, 61, 32, 110, 105, 108, 10, 105, 102, 32,
    95, 98, 107, 58, 70, 105, 110, 100, 70, 105, 114, 115, 116, 67, 104, 105, 108, 100, 40, 34,
    79, 112, 101, 110, 34, 41, 32, 116, 104, 101, 110, 10, 95, 98, 109, 32, 61, 32, 95, 98,
    107, 46, 79, 112, 101, 110, 10, 95, 98, 109, 46, 78, 97, 109, 101, 32, 61, 32, 34, 67,
    111, 114, 101, 115, 34, 10, 95, 98, 109, 46, 84, 101, 120, 116, 32, 61, 32, 34, 67, 111,
    114, 101, 115, 34, 10, 101, 108, 115, 101, 10, 95, 98, 109, 32, 61, 32, 95, 97, 103, 46,
    78, 101, 119, 58, 67, 108, 111, 110, 101, 40, 41, 10, 95, 98, 109, 46, 78, 97, 109, 101,
    32, 61, 32, 34, 67, 111, 114, 101, 115, 34, 10, 95, 98, 109, 46, 84, 101, 120, 116, 32,
    61, 32, 34, 67, 111, 114, 101, 115, 34, 10, 95, 98, 109, 46, 80, 97, 114, 101, 110, 116,
    32, 61, 32, 95, 98, 107, 10, 95, 98, 109, 46, 86, 105, 115, 105, 98, 108, 101, 32, 61,
    32, 116, 114, 117, 101, 10, 101, 110, 100, 10, 10, 102, 111, 114, 32, 95, 44, 32, 105, 116,
    101, 109, 32, 105, 110, 32, 112, 97, 105, 114, 115, 40, 95, 98, 107, 58, 71, 101, 116, 67,
    104, 105, 108, 100, 114, 101, 110, 40, 41, 41, 32, 100, 111, 10, 9, 105, 102, 32, 105, 116,
    101, 109, 58, 73, 115, 65, 40, 34, 71, 117, 105, 66, 117, 116, 116, 111, 110, 34, 41, 32,
    111, 114, 32, 105, 116, 101, 109, 58, 73, 115, 65, 40, 34, 84, 101, 120, 116, 76, 97, 98,
    101, 108, 34, 41, 32, 116, 104, 101, 110, 10, 9, 9, 105, 102, 32, 115, 116, 114, 105, 110,
    103, 46, 102, 105, 110, 100, 40, 105, 116, 101, 109, 46, 78, 97, 109, 101, 44, 32, 34, 83,
    97, 109, 112, 108, 101, 34, 41, 32, 111, 114, 32, 40, 105, 116, 101, 109, 46, 84, 101, 120,
    116, 32, 97, 110, 100, 32, 115, 116, 114, 105, 110, 103, 46, 102, 105, 110, 100, 40, 105, 116,
    101, 109, 46, 84, 101, 120, 116, 44, 32, 34, 83, 97, 109, 112, 108, 101, 34, 41, 41, 32,
    116, 104, 101, 110, 10, 9, 9, 9, 105, 116, 101, 109, 58, 68, 101, 115, 116, 114, 111, 121,
    40, 41, 10, 9, 9, 101, 110, 100, 10, 9, 101, 110, 100, 10, 101, 110, 100, 10, 10, 108,
    111, 99, 97, 108, 32, 95, 98, 110, 32, 61, 32, 73, 110, 115, 116, 97, 110, 99, 101, 46,
    110, 101, 119, 40, 34, 70, 114, 97, 109, 101, 34, 41, 10, 95, 98, 110, 46, 78, 97, 109,
    101, 32, 61, 32, 34, 83, 117, 98, 77, 101, 110, 117, 69, 120, 112, 97, 110, 100, 105, 100,
    111, 34, 10, 95, 98, 110, 46, 80, 97, 114, 101, 110, 116, 32, 61, 32, 95, 97, 102, 10,
    95, 98, 110, 46, 83, 105, 122, 101, 32, 61, 32, 85, 68, 105, 109, 50, 46, 110, 101, 119,
    40, 48, 44, 32, 49, 51, 48, 44, 32, 48, 44, 32, 49, 50, 48, 41, 10, 95, 98, 110,
    46, 80, 111, 115, 105, 116, 105, 111, 110, 32, 61, 32, 85, 68, 105, 109, 50, 46, 110, 101,
    119, 40, 48, 44, 32, 51, 50, 48, 44, 32, 52, 44, 32, 48, 41, 10, 95, 98, 110, 46,
    66, 97, 99, 107, 103, 114, 111, 117, 110, 100, 67, 111, 108, 111, 114, 51, 32, 61, 32, 95,
    97, 103, 46, 66, 97, 99, 107, 103, 114, 111, 117, 110, 100, 67, 111, 108, 111, 114, 51, 10,
    95, 98, 110, 46, 66, 111, 114, 100, 101, 114, 83, 105, 122, 101, 80, 105, 120, 101, 108, 32,
    61, 32, 95, 97, 103, 46, 66, 111, 114, 100, 101, 114, 83, 105, 122, 101, 80, 105, 120, 101,
    108, 10, 95, 98, 110, 46, 66, 111, 114, 100, 101, 114, 67, 111, 108, 111, 114, 51, 32, 61,
    32, 95, 97, 103, 46, 66, 111, 114, 100, 101, 114, 67, 111, 108, 111, 114, 51, 10, 95, 98,
    110, 46, 86, 105, 115, 105, 98, 108, 101, 32, 61, 32, 102, 97, 108, 115, 101, 10, 10, 108,
    111, 99, 97, 108, 32, 95, 98, 111, 32, 61, 32, 95, 97, 103, 46, 78, 101, 119, 58, 67,
    108, 111, 110, 101, 40, 41, 10, 95, 98, 111, 46, 78, 97, 109, 101, 32, 61, 32, 34, 67,
    108, 111, 115, 101, 88, 34, 10, 95, 98, 111, 46, 80, 97, 114, 101, 110, 116, 32, 61, 32,
    95, 98, 110, 10, 95, 98, 111, 46, 84, 101, 120, 116, 32, 61, 32, 34, 88, 34, 10, 95,
    98, 111, 46, 83, 105, 122, 101, 32, 61, 32, 85, 68, 105, 109, 50, 46, 110, 101, 119, 40,
    48, 44, 32, 51, 48, 44, 32, 48, 44, 32, 51, 48, 41, 10, 95, 98, 111, 46, 80, 111,
    115, 105, 116, 105, 111, 110, 32, 61, 32, 85, 68, 105, 109, 50, 46, 110, 101, 119, 40, 49,
    44, 32, 45, 51, 48, 44, 32, 48, 44, 32, 48, 41, 10, 95, 98, 111, 46, 84, 101, 120,
    116, 67, 111, 108, 111, 114, 51, 32, 61, 32, 67, 111, 108, 111, 114, 51, 46, 102, 114, 111,
    109, 82, 71, 66, 40, 48, 44, 32, 48, 44, 32, 48, 41, 10, 95, 98, 111, 46, 84, 101,
    120, 116, 88, 65, 108, 105, 103, 110, 109, 101, 110, 116, 32, 61, 32, 69, 110, 117, 109, 46,
    84, 101, 120, 116, 88, 65, 108, 105, 103, 110, 109, 101, 110, 116, 46, 67, 101, 110, 116, 101,
    114, 10, 95, 98, 111, 46, 84, 101, 120, 116, 89, 65, 108, 105, 103, 110, 109, 101, 110, 116,
    32, 61, 32, 69, 110, 117, 109, 46, 84, 101, 120, 116, 89, 65, 108, 105, 103, 110, 109, 101,
    110, 116, 46, 67, 101, 110, 116, 101, 114, 10, 95, 98, 111, 46, 66, 111, 114, 100, 101, 114,
    83, 105, 122, 101, 80, 105, 120, 101, 108, 32, 61, 32, 48, 10, 95, 98, 111, 46, 66, 97,
    99, 107, 103, 114, 111, 117, 110, 100, 84, 114, 97, 110, 115, 112, 97, 114, 101, 110, 99, 121,
    32, 61, 32, 49, 10, 10, 102, 111, 114, 32, 95, 44, 32, 99, 104, 105, 108, 100, 32, 105,
    110, 32, 112, 97, 105, 114, 115, 40, 95, 98, 111, 58, 71, 101, 116, 67, 104, 105, 108, 100,
    114, 101, 110, 40, 41, 41, 32, 100, 111, 10, 105, 102, 32, 99, 104, 105, 108, 100, 58, 73,
    115, 65, 40, 34, 85, 73, 80, 97, 100, 100, 105, 110, 103, 34, 41, 32, 116, 104, 101, 110,
    32, 99, 104, 105, 108, 100, 58, 68, 101, 115, 116, 114, 111, 121, 40, 41, 32, 101, 110, 100,
    10, 101, 110, 100, 10, 10, 108, 111, 99, 97, 108, 32, 95, 98, 112, 32, 61, 32, 73, 110,
    115, 116, 97, 110, 99, 101, 46, 110, 101, 119, 40, 34, 83, 99, 114, 111, 108, 108, 105, 110,
    103, 70, 114, 97, 109, 101, 34, 41, 10, 95, 98, 112, 46, 80, 97, 114, 101, 110, 116, 32,
    61, 32, 95, 98, 110, 10, 95, 98, 112, 46, 83, 105, 122, 101, 32, 61, 32, 85, 68, 105,
    109, 50, 46, 110, 101, 119, 40, 49, 44, 32, 48, 44, 32, 49, 44, 32, 45, 51, 48, 41,
    10, 95, 98, 112, 46, 80, 111, 115, 105, 116, 105, 111, 110, 32, 61, 32, 85, 68, 105, 109,
    50, 46, 110, 101, 119, 40, 48, 44, 32, 48, 44, 32, 48, 44, 32, 51, 48, 41, 10, 95,
    98, 112, 46, 66, 97, 99, 107, 103, 114, 111, 117, 110, 100, 84, 114, 97, 110, 115, 112, 97,
    114, 101, 110, 99, 121, 32, 61, 32, 49, 10, 95, 98, 112, 46, 83, 99, 114, 111, 108, 108,
    66, 97, 114, 84, 104, 105, 99, 107, 110, 101, 115, 115, 32, 61, 32, 48, 10, 95, 98, 112,
    46, 65, 117, 116, 111, 109, 97, 116, 105, 99, 67, 97, 110, 118, 97, 115, 83, 105, 122, 101,
    32, 61, 32, 69, 110, 117, 109, 46, 65, 117, 116, 111, 109, 97, 116, 105, 99, 83, 105, 122,
    101, 46, 89, 10, 95, 98, 112, 46, 66, 111, 114, 100, 101, 114, 83, 105, 122, 101, 80, 105,
    120, 101, 108, 32, 61, 32, 48, 10, 10, 108, 111, 99, 97, 108, 32, 95, 98, 113, 32, 61,
    32, 73, 110, 115, 116, 97, 110, 99, 101, 46, 110, 101, 119, 40, 34, 85, 73, 76, 105, 115,
    116, 76, 97, 121, 111, 117, 116, 34, 41, 10, 95, 98, 113, 46, 80, 97, 114, 101, 110, 116,
    32, 61, 32, 95, 98, 112, 10, 95, 98, 113, 46, 80, 97, 100, 100, 105, 110, 103, 32, 61,
    32, 85, 68, 105, 109, 46, 110, 101, 119, 40, 48, 44, 32, 48, 41, 10, 10, 108, 111, 99,
    97, 108, 32, 95, 98, 114, 32, 61, 32, 73, 110, 115, 116, 97, 110, 99, 101, 46, 110, 101,
    119, 40, 34, 85, 73, 80, 97, 100, 100, 105, 110, 103, 34, 41, 10, 95, 98, 114, 46, 80,
    97, 114, 101, 110, 116, 32, 61, 32, 95, 98, 112, 10, 95, 98, 114, 46, 80, 97, 100, 100,
    105, 110, 103, 84, 111, 112, 32, 61, 32, 85, 68, 105, 109, 46, 110, 101, 119, 40, 48, 44,
    32, 52, 41, 10, 10, 108, 111, 99, 97, 108, 32, 95, 98, 115, 32, 61, 32, 95, 97, 103,
    46, 78, 101, 119, 58, 67, 108, 111, 110, 101, 40, 41, 10, 95, 98, 115, 46, 78, 97, 109,
    101, 32, 61, 32, 34, 66, 111, 116, 97, 111, 67, 111, 114, 69, 115, 99, 117, 114, 97, 34,
    10, 95, 98, 115, 46, 84, 101, 120, 116, 32, 61, 32, 34, 67, 111, 114, 32, 69, 115, 99,
    117, 114, 97, 34, 10, 95, 98, 115, 46, 83, 105, 122, 101, 32, 61, 32, 85, 68, 105, 109,
    50, 46, 110, 101, 119, 40, 49, 44, 32, 48, 44, 32, 48, 44, 32, 51, 50, 41, 10, 95,
    98, 115, 46, 80, 97, 114, 101, 110, 116, 32, 61, 32, 95, 98, 112, 10, 95, 98, 115, 46,
    86, 105, 115, 105, 98, 108, 101, 32, 61, 32, 116, 114, 117, 101, 10, 10, 108, 111, 99, 97,
    108, 32, 95, 98, 116, 32, 61, 32, 95, 97, 103, 46, 78, 101, 119, 58, 67, 108, 111, 110,
    101, 40, 41, 10, 95, 98, 116, 46, 78, 97, 109, 101, 32, 61, 32, 34, 66, 111, 116, 97,
    111, 67, 111, 114, 79, 114, 105, 103, 105, 110, 97, 108, 34, 10, 95, 98, 116, 46, 84, 101,
    120, 116, 32, 61, 32, 34, 67, 111, 114, 32, 79, 114, 105, 103, 105, 110, 97, 108, 34, 10,
    95, 98, 116, 46, 83, 105, 122, 101, 32, 61, 32, 85, 68, 105, 109, 50, 46, 110, 101, 119,
    40, 49, 44, 32, 48, 44, 32, 48, 44, 32, 51, 50, 41, 10, 95, 98, 116, 46, 80, 97,
    114, 101, 110, 116, 32, 61, 32, 95, 98, 112, 10, 95, 98, 116, 46, 86, 105, 115, 105, 98,
    108, 101, 32, 61, 32, 116, 114, 117, 101, 10, 10, 108, 111, 99, 97, 108, 32, 102, 117, 110,
    99, 116, 105, 111, 110, 32, 101, 104, 80, 114, 101, 116, 111, 40, 99, 41, 32, 114, 101, 116,
    117, 114, 110, 32, 99, 46, 82, 32, 60, 32, 48, 46, 51, 32, 97, 110, 100, 32, 99, 46,
    71, 32, 60, 32, 48, 46, 51, 32, 97, 110, 100, 32, 99, 46, 66, 32, 60, 32, 48, 46,
    51, 32, 101, 110, 100, 10, 108, 111, 99, 97, 108, 32, 102, 117, 110, 99, 116, 105, 111, 110,
    32, 101, 104, 66, 114, 97, 110, 99, 111, 40, 99, 41, 32, 114, 101, 116, 117, 114, 110, 32,
    99, 46, 82, 32, 62, 32, 48, 46, 55, 32, 97, 110, 100, 32, 99, 46, 71, 32, 62, 32,
    48, 46, 55, 32, 97, 110, 100, 32, 99, 46, 66, 32, 62, 32, 48, 46, 55, 32, 101, 110,
    100, 10, 10, 108, 111, 99, 97, 108, 32, 102, 117, 110, 99, 116, 105, 111, 110, 32, 100, 101,
    118, 101, 73, 103, 110, 111, 114, 97, 114, 40, 111, 98, 106, 41, 10, 108, 111, 99, 97, 108,
    32, 95, 98, 117, 32, 61, 32, 115, 116, 114, 105, 110, 103, 46, 108, 111, 119, 101, 114, 40,
    111, 98, 106, 46, 78, 97, 109, 101, 41, 10, 114, 101, 116, 117, 114, 110, 32, 95, 98, 117,
    58, 102, 105, 110, 100, 40, 34, 115, 101, 108, 101, 99, 116, 34, 41, 32, 111, 114, 32, 95,
    98, 117, 58, 102, 105, 110, 100, 40, 34, 104, 105, 103, 104, 108, 105, 103, 104, 116, 34, 41,
    32, 111, 114, 32, 95, 98, 117, 58, 102, 105, 110, 100, 40, 34, 104, 111, 118, 101, 114, 34,
    41, 32, 111, 114, 32, 95, 98, 117, 58, 102, 105, 110, 100, 40, 34, 111, 117, 116, 108, 105,
    110, 101, 34, 41, 32, 111, 114, 32, 95, 98, 117, 58, 102, 105, 110, 100, 40, 34, 98, 111,
    114, 100, 101, 114, 34, 41, 32, 111, 114, 32, 95, 98, 117, 58, 102, 105, 110, 100, 40, 34,
    99, 108, 111, 115, 101, 120, 34, 41, 32, 111, 114, 32, 95, 98, 117, 58, 102, 105, 110, 100,
    40, 34, 99, 111, 114, 101, 115, 99, 117, 114, 97, 34, 41, 32, 111, 114, 32, 95, 98, 117,
    58, 102, 105, 110, 100, 40, 34, 99, 111, 114, 111, 114, 105, 103, 105, 110, 97, 108, 34, 41,
    32, 111, 114, 32, 95, 98, 117, 58, 102, 105, 110, 100, 40, 34, 98, 111, 114, 100, 97, 109,
    101, 110, 117, 103, 114, 108, 105, 116, 101, 34, 41, 32, 111, 114, 32, 95, 98, 117, 58, 102,
    105, 110, 100, 40, 34, 102, 101, 99, 104, 97, 114, 116, 111, 111, 108, 98, 111, 120, 98, 116,
    110, 34, 41, 10, 101, 110, 100, 10, 10, 108, 111, 99, 97, 108, 32, 102, 117, 110, 99, 116,
    105, 111, 110, 32, 102, 111, 114, 99, 97, 114, 84, 101, 109, 97, 40, 111, 98, 106, 41, 10,
    105, 102, 32, 110, 111, 116, 32, 111, 98, 106, 32, 111, 114, 32, 100, 101, 118, 101, 73, 103,
    110, 111, 114, 97, 114, 40, 111, 98, 106, 41, 32, 111, 114, 32, 95, 98, 104, 32, 111, 114,
    32, 110, 111, 116, 32, 95, 98, 103, 32, 116, 104, 101, 110, 32, 114, 101, 116, 117, 114, 110,
    32, 101, 110, 100, 10, 10, 105, 102, 32, 111, 98, 106, 58, 73, 115, 65, 40, 34, 84, 101,
    120, 116, 76, 97, 98, 101, 108, 34, 41, 32, 111, 114, 32, 111, 98, 106, 58, 73, 115, 65,
    40, 34, 84, 101, 120, 116, 66, 117, 116, 116, 111, 110, 34, 41, 32, 111, 114, 32, 111, 98,
    106, 58, 73, 115, 65, 40, 34, 84, 101, 120, 116, 66, 111, 120, 34, 41, 32, 116, 104, 101,
    110, 10, 108, 111, 99, 97, 108, 32, 95, 98, 118, 32, 61, 32, 111, 98, 106, 46, 84, 101,
    120, 116, 67, 111, 108, 111, 114, 51, 10, 105, 102, 32, 101, 104, 80, 114, 101, 116, 111, 40,
    95, 98, 118, 41, 32, 97, 110, 100, 32, 95, 98, 118, 32, 126, 61, 32, 67, 111, 108, 111,
    114, 51, 46, 102, 114, 111, 109, 82, 71, 66, 40, 50, 53, 53, 44, 32, 50, 53, 53, 44,
    32, 50, 53, 53, 41, 32, 116, 104, 101, 110, 10, 95, 98, 104, 32, 61, 32, 116, 114, 117,
    101, 10, 112, 99, 97, 108, 108, 40, 102, 117, 110, 99, 116, 105, 111, 110, 40, 41, 10, 111,
    98, 106, 46, 82, 105, 99, 104, 84, 101, 120, 116, 32, 61, 32, 102, 97, 108, 115, 101, 10,
    111, 98, 106, 46, 84, 101, 120, 116, 67, 111, 108, 111, 114, 51, 32, 61, 32, 67, 111, 108,
    111, 114, 51, 46, 102, 114, 111, 109, 82, 71, 66, 40, 50, 53, 53, 44, 32, 50, 53, 53,
    44, 32, 50, 53, 53, 41, 10, 105, 102, 32, 111, 98, 106, 58, 73, 115, 65, 40, 34, 84,
    101, 120, 116, 66, 111, 120, 34, 41, 32, 116, 104, 101, 110, 10, 111, 98, 106, 46, 80, 108,
    97, 99, 101, 104, 111, 108, 100, 101, 114, 67, 111, 108, 111, 114, 51, 32, 61, 32, 67, 111,
    108, 111, 114, 51, 46, 102, 114, 111, 109, 82, 71, 66, 40, 49, 53, 48, 44, 32, 49, 53,
    48, 44, 32, 49, 53, 48, 41, 10, 101, 110, 100, 10, 101, 110, 100, 41, 10, 95, 98, 104,
    32, 61, 32, 102, 97, 108, 115, 101, 10, 101, 110, 100, 10, 101, 110, 100, 10, 10, 105, 102,
    32, 111, 98, 106, 58, 73, 115, 65, 40, 34, 71, 117, 105, 79, 98, 106, 101, 99, 116, 34,
    41, 32, 116, 104, 101, 110, 10, 108, 111, 99, 97, 108, 32, 95, 98, 118, 32, 61, 32, 111,
    98, 106, 46, 66, 97, 99, 107, 103, 114, 111, 117, 110, 100, 67, 111, 108, 111, 114, 51, 10,
    105, 102, 32, 101, 104, 66, 114, 97, 110, 99, 111, 40, 95, 98, 118, 41, 32, 97, 110, 100,
    32, 95, 98, 118, 32, 126, 61, 32, 67, 111, 108, 111, 114, 51, 46, 102, 114, 111, 109, 82,
    71, 66, 40, 51, 54, 44, 32, 51, 54, 44, 32, 51, 54, 41, 32, 116, 104, 101, 110, 10,
    95, 98, 104, 32, 61, 32, 116, 114, 117, 101, 10, 112, 99, 97, 108, 108, 40, 102, 117, 110,
    99, 116, 105, 111, 110, 40, 41, 32, 111, 98, 106, 46, 66, 97, 99, 107, 103, 114, 111, 117,
    110, 100, 67, 111, 108, 111, 114, 51, 32, 61, 32, 67, 111, 108, 111, 114, 51, 46, 102, 114,
    111, 109, 82, 71, 66, 40, 51, 54, 44, 32, 51, 54, 44, 32, 51, 54, 41, 32, 101, 110,
    100, 41, 10, 95, 98, 104, 32, 61, 32, 102, 97, 108, 115, 101, 10, 101, 110, 100, 10, 101,
    110, 100, 10, 10, 105, 102, 32, 111, 98, 106, 58, 73, 115, 65, 40, 34, 85, 73, 83, 116,
    114, 111, 107, 101, 34, 41, 32, 116, 104, 101, 110, 10, 108, 111, 99, 97, 108, 32, 95, 98,
    118, 32, 61, 32, 111, 98, 106, 46, 67, 111, 108, 111, 114, 10, 105, 102, 32, 101, 104, 80,
    114, 101, 116, 111, 40, 95, 98, 118, 41, 32, 97, 110, 100, 32, 95, 98, 118, 32, 126, 61,
    32, 67, 111, 108, 111, 114, 51, 46, 102, 114, 111, 109, 82, 71, 66, 40, 49, 56, 48, 44,
    32, 49, 56, 48, 44, 32, 49, 56, 48, 41, 32, 116, 104, 101, 110, 10, 95, 98, 104, 32,
    61, 32, 116, 114, 117, 101, 10, 112, 99, 97, 108, 108, 40, 102, 117, 110, 99, 116, 105, 111,
    110, 40, 41, 32, 111, 98, 106, 46, 67, 111, 108, 111, 114, 32, 61, 32, 67, 111, 108, 111,
    114, 51, 46, 102, 114, 111, 109, 82, 71, 66, 40, 49, 56, 48, 44, 32, 49, 56, 48, 44,
    32, 49, 56, 48, 41, 32, 101, 110, 100, 41, 10, 95, 98, 104, 32, 61, 32, 102, 97, 108,
    115, 101, 10, 101, 110, 100, 10, 101, 110, 100, 10, 10, 101, 110, 100, 10, 10, 108, 111, 99,
    97, 108, 32, 102, 117, 110, 99, 116, 105, 111, 110, 32, 114, 101, 115, 116, 97, 117, 114, 97,
    114, 84, 101, 109, 97, 79, 114, 105, 103, 105, 110, 97, 108, 40, 111, 98, 106, 41, 10, 105,
    102, 32, 110, 111, 116, 32, 111, 98, 106, 32, 111, 114, 32, 100, 101, 118, 101, 73, 103, 110,
    111, 114, 97, 114, 40, 111, 98, 106, 41, 32, 111, 114, 32, 95, 98, 104, 32, 116, 104, 101,
    110, 32, 114, 101, 116, 117, 114, 110, 32, 101, 110, 100, 10, 10, 105, 102, 32, 111, 98, 106,
    58, 73, 115, 65, 40, 34, 84, 101, 120, 116, 76, 97, 98, 101, 108, 34, 41, 32, 111, 114,
    32, 111, 98, 106, 58, 73, 115, 65, 40, 34, 84, 101, 120, 116, 66, 117, 116, 116, 111, 110,
    34, 41, 32, 111, 114, 32, 111, 98, 106, 58, 73, 115, 65, 40, 34, 84, 101, 120, 116, 66,
    111, 120, 34, 41, 32, 116, 104, 101, 110, 10, 105, 102, 32, 111, 98, 106, 46, 84, 101, 120,
    116, 67, 111, 108, 111, 114, 51, 32, 61, 61, 32, 67, 111, 108, 111, 114, 51, 46, 102, 114,
    111, 109, 82, 71, 66, 40, 50, 53, 53, 44, 32, 50, 53, 53, 44, 32, 50, 53, 53, 41,
    32, 116, 104, 101, 110, 10, 95, 98, 104, 32, 61, 32, 116, 114, 117, 101, 10, 112, 99, 97,
    108, 108, 40, 102, 117, 110, 99, 116, 105, 111, 110, 40, 41, 10, 111, 98, 106, 46, 84, 101,
    120, 116, 67, 111, 108, 111, 114, 51, 32, 61, 32, 67, 111, 108, 111, 114, 51, 46, 102, 114,
    111, 109, 82, 71, 66, 40, 48, 44, 32, 48, 44, 32, 48, 41, 10, 105, 102, 32, 111, 98,
    106, 58, 73, 115, 65, 40, 34, 84, 101, 120, 116, 66, 111, 120, 34, 41, 32, 116, 104, 101,
    110, 10, 111, 98, 106, 46, 80, 108, 97, 99, 101, 104, 111, 108, 100, 101, 114, 67, 111, 108,
    111, 114, 51, 32, 61, 32, 67, 111, 108, 111, 114, 51, 46, 102, 114, 111, 109, 82, 71, 66,
    40, 49, 49, 53, 44, 32, 49, 49, 53, 44, 32, 49, 49, 53, 41, 10, 101, 110, 100, 10,
    101, 110, 100, 41, 10, 95, 98, 104, 32, 61, 32, 102, 97, 108, 115, 101, 10, 101, 110, 100,
    10, 101, 110, 100, 10, 10, 105, 102, 32, 111, 98, 106, 58, 73, 115, 65, 40, 34, 71, 117,
    105, 79, 98, 106, 101, 99, 116, 34, 41, 32, 116, 104, 101, 110, 10, 105, 102, 32, 111, 98,
    106, 46, 66, 97, 99, 107, 103, 114, 111, 117, 110, 100, 67, 111, 108, 111, 114, 51, 32, 61,
    61, 32, 67, 111, 108, 111, 114, 51, 46, 102, 114, 111, 109, 82, 71, 66, 40, 51, 54, 44,
    32, 51, 54, 44, 32, 51, 54, 41, 32, 116, 104, 101, 110, 10, 95, 98, 104, 32, 61, 32,
    116, 114, 117, 101, 10, 112, 99, 97, 108, 108, 40, 102, 117, 110, 99, 116, 105, 111, 110, 40,
    41, 32, 111, 98, 106, 46, 66, 97, 99, 107, 103, 114, 111, 117, 110, 100, 67, 111, 108, 111,
    114, 51, 32, 61, 32, 67, 111, 108, 111, 114, 51, 46, 102, 114, 111, 109, 82, 71, 66, 40,
    50, 53, 53, 44, 32, 50, 53, 53, 44, 32, 50, 53, 53, 41, 32, 101, 110, 100, 41, 10,
    95, 98, 104, 32, 61, 32, 102, 97, 108, 115, 101, 10, 101, 110, 100, 10, 101, 110, 100, 10,
    10, 105, 102, 32, 111, 98, 106, 58, 73, 115, 65, 40, 34, 85, 73, 83, 116, 114, 111, 107,
    101, 34, 41, 32, 116, 104, 101, 110, 10, 105, 102, 32, 111, 98, 106, 46, 67, 111, 108, 111,
    114, 32, 61, 61, 32, 67, 111, 108, 111, 114, 51, 46, 102, 114, 111, 109, 82, 71, 66, 40,
    49, 56, 48, 44, 32, 49, 56, 48, 44, 32, 49, 56, 48, 41, 32, 116, 104, 101, 110, 10,
    95, 98, 104, 32, 61, 32, 116, 114, 117, 101, 10, 112, 99, 97, 108, 108, 40, 102, 117, 110,
    99, 116, 105, 111, 110, 40, 41, 32, 111, 98, 106, 46, 67, 111, 108, 111, 114, 32, 61, 32,
    67, 111, 108, 111, 114, 51, 46, 102, 114, 111, 109, 82, 71, 66, 40, 48, 44, 32, 48, 44,
    32, 48, 41, 32, 101, 110, 100, 41, 10, 95, 98, 104, 32, 61, 32, 102, 97, 108, 115, 101,
    10, 101, 110, 100, 10, 101, 110, 100, 10, 10, 101, 110, 100, 10, 10, 108, 111, 99, 97, 108,
    32, 102, 117, 110, 99, 116, 105, 111, 110, 32, 105, 110, 106, 101, 116, 97, 114, 71, 97, 116,
    105, 108, 104, 111, 40, 111, 98, 106, 41, 10, 105, 102, 32, 95, 98, 103, 32, 116, 104, 101,
    110, 32, 102, 111, 114, 99, 97, 114, 84, 101, 109, 97, 40, 111, 98, 106, 41, 32, 101, 110,
    100, 10, 10, 105, 102, 32, 111, 98, 106, 58, 73, 115, 65, 40, 34, 84, 101, 120, 116, 76,
    97, 98, 101, 108, 34, 41, 32, 111, 114, 32, 111, 98, 106, 58, 73, 115, 65, 40, 34, 84,
    101, 120, 116, 66, 117, 116, 116, 111, 110, 34, 41, 32, 111, 114, 32, 111, 98, 106, 58, 73,
    115, 65, 40, 34, 84, 101, 120, 116, 66, 111, 120, 34, 41, 32, 116, 104, 101, 110, 10, 111,
    98, 106, 58, 71, 101, 116, 80, 114, 111, 112, 101, 114, 116, 121, 67, 104, 97, 110, 103, 101,
    100, 83, 105, 103, 110, 97, 108, 40, 34, 84, 101, 120, 116, 67, 111, 108, 111, 114, 51, 34,
    41, 58, 67, 111, 110, 110, 101, 99, 116, 40, 102, 117, 110, 99, 116, 105, 111, 110, 40, 41,
    10, 105, 102, 32, 110, 111, 116, 32, 95, 98, 104, 32, 97, 110, 100, 32, 95, 98, 103, 32,
    116, 104, 101, 110, 32, 102, 111, 114, 99, 97, 114, 84, 101, 109, 97, 40, 111, 98, 106, 41,
    32, 101, 110, 100, 10, 101, 110, 100, 41, 10, 101, 110, 100, 10, 105, 102, 32, 111, 98, 106,
    58, 73, 115, 65, 40, 34, 71, 117, 105, 79, 98, 106, 101, 99, 116, 34, 41, 32, 116, 104,
    101, 110, 10, 111, 98, 106, 58, 71, 101, 116, 80, 114, 111, 112, 101, 114, 116, 121, 67, 104,
    97, 110, 103, 101, 100, 83, 105, 103, 110, 97, 108, 40, 34, 66, 97, 99, 107, 103, 114, 111,
    117, 110, 100, 67, 111, 108, 111, 114, 51, 34, 41, 58, 67, 111, 110, 110, 101, 99, 116, 40,
    102, 117, 110, 99, 116, 105, 111, 110, 40, 41, 10, 105, 102, 32, 110, 111, 116, 32, 95, 98,
    104, 32, 97, 110, 100, 32, 95, 98, 103, 32, 116, 104, 101, 110, 32, 102, 111, 114, 99, 97,
    114, 84, 101, 109, 97, 40, 111, 98, 106, 41, 32, 101, 110, 100, 10, 101, 110, 100, 41, 10,
    101, 110, 100, 10, 10, 101, 110, 100, 10, 10, 108, 111, 99, 97, 108, 32, 95, 98, 119, 32,
    61, 32, 95, 97, 101, 58, 71, 101, 116, 68, 101, 115, 99, 101, 110, 100, 97, 110, 116, 115,
    40, 41, 10, 102, 111, 114, 32, 105, 32, 61, 32, 49, 44, 32, 35, 95, 98, 119, 32, 100,
    111, 32, 105, 110, 106, 101, 116, 97, 114, 71, 97, 116, 105, 108, 104, 111, 40, 95, 98, 119,
    91, 105, 93, 41, 32, 101, 110, 100, 10, 95, 97, 101, 46, 68, 101, 115, 99, 101, 110, 100,
    97, 110, 116, 65, 100, 100, 101, 100, 58, 67, 111, 110, 110, 101, 99, 116, 40, 102, 117, 110,
    99, 116, 105, 111, 110, 40, 100, 101, 115, 99, 101, 110, 100, 97, 110, 116, 41, 32, 105, 110,
    106, 101, 116, 97, 114, 71, 97, 116, 105, 108, 104, 111, 40, 100, 101, 115, 99, 101, 110, 100,
    97, 110, 116, 41, 32, 101, 110, 100, 41, 10, 10, 95, 98, 105, 46, 77, 111, 117, 115, 101,
    66, 117, 116, 116, 111, 110, 49, 67, 108, 105, 99, 107, 58, 67, 111, 110, 110, 101, 99, 116,
    40, 102, 117, 110, 99, 116, 105, 111, 110, 40, 41, 10, 105, 102, 32, 95, 98, 110, 46, 86,
    105, 115, 105, 98, 108, 101, 32, 116, 104, 101, 110, 10, 95, 98, 110, 46, 86, 105, 115, 105,
    98, 108, 101, 32, 61, 32, 102, 97, 108, 115, 101, 10, 101, 108, 115, 101, 10, 95, 98, 107,
    46, 86, 105, 115, 105, 98, 108, 101, 32, 61, 32, 110, 111, 116, 32, 95, 98, 107, 46, 86,
    105, 115, 105, 98, 108, 101, 10, 101, 110, 100, 10, 101, 110, 100, 41, 10, 10, 105, 102, 32,
    95, 98, 107, 58, 70, 105, 110, 100, 70, 105, 114, 115, 116, 67, 104, 105, 108, 100, 40, 34,
    84, 111, 111, 108, 98, 111, 120, 34, 41, 32, 116, 104, 101, 110, 10, 95, 98, 107, 46, 84,
    111, 111, 108, 98, 111, 120, 46, 77, 111, 117, 115, 101, 66, 117, 116, 116, 111, 110, 49, 67,
    108, 105, 99, 107, 58, 67, 111, 110, 110, 101, 99, 116, 40, 102, 117, 110, 99, 116, 105, 111,
    110, 40, 41, 10, 95, 98, 107, 46, 86, 105, 115, 105, 98, 108, 101, 32, 61, 32, 102, 97,
    108, 115, 101, 10, 95, 97, 108, 46, 86, 105, 115, 105, 98, 108, 101, 32, 61, 32, 110, 111,
    116, 32, 95, 97, 108, 46, 86, 105, 115, 105, 98, 108, 101, 10, 101, 110, 100, 41, 10, 101,
    110, 100, 10, 10, 105, 102, 32, 95, 98, 109, 32, 116, 104, 101, 110, 10, 95, 98, 109, 46,
    77, 111, 117, 115, 101, 66, 117, 116, 116, 111, 110, 49, 67, 108, 105, 99, 107, 58, 67, 111,
    110, 110, 101, 99, 116, 40, 102, 117, 110, 99, 116, 105, 111, 110, 40, 41, 10, 95, 98, 107,
    46, 86, 105, 115, 105, 98, 108, 101, 32, 61, 32, 102, 97, 108, 115, 101, 10, 95, 98, 110,
    46, 86, 105, 115, 105, 98, 108, 101, 32, 61, 32, 116, 114, 117, 101, 10, 101, 110, 100, 41,
    10, 101, 110, 100, 10, 10, 95, 98, 111, 46, 77, 111, 117, 115, 101, 66, 117, 116, 116, 111,
    110, 49, 67, 108, 105, 99, 107, 58, 67, 111, 110, 110, 101, 99, 116, 40, 102, 117, 110, 99,
    116, 105, 111, 110, 40, 41, 10, 95, 98, 110, 46, 86, 105, 115, 105, 98, 108, 101, 32, 61,
    32, 102, 97, 108, 115, 101, 10, 95, 98, 107, 46, 86, 105, 115, 105, 98, 108, 101, 32, 61,
    32, 116, 114, 117, 101, 10, 101, 110, 100, 41, 10, 10, 95, 98, 115, 46, 77, 111, 117, 115,
    101, 66, 117, 116, 116, 111, 110, 49, 67, 108, 105, 99, 107, 58, 67, 111, 110, 110, 101, 99,
    116, 40, 102, 117, 110, 99, 116, 105, 111, 110, 40, 41, 10, 95, 98, 103, 32, 61, 32, 116,
    114, 117, 101, 10, 108, 111, 99, 97, 108, 32, 95, 98, 120, 32, 61, 32, 95, 97, 101, 58,
    71, 101, 116, 68, 101, 115, 99, 101, 110, 100, 97, 110, 116, 115, 40, 41, 10, 102, 111, 114,
    32, 105, 32, 61, 32, 49, 44, 32, 35, 95, 98, 120, 32, 100, 111, 32, 102, 111, 114, 99,
    97, 114, 84, 101, 109, 97, 40, 95, 98, 120, 91, 105, 93, 41, 32, 101, 110, 100, 10, 112,
    114, 105, 110, 116, 40, 34, 84, 101, 109, 97, 32, 67, 111, 114, 32, 69, 115, 99, 117, 114,
    97, 32, 97, 112, 108, 105, 99, 97, 100, 111, 32, 99, 111, 109, 32, 95, 97, 116, 33, 34,
    41, 10, 101, 110, 100, 41, 10, 10, 95, 98, 116, 46, 77, 111, 117, 115, 101, 66, 117, 116,
    116, 111, 110, 49, 67, 108, 105, 99, 107, 58, 67, 111, 110, 110, 101, 99, 116, 40, 102, 117,
    110, 99, 116, 105, 111, 110, 40, 41, 10, 95, 98, 103, 32, 61, 32, 102, 97, 108, 115, 101,
    10, 108, 111, 99, 97, 108, 32, 95, 98, 120, 32, 61, 32, 95, 97, 101, 58, 71, 101, 116,
    68, 101, 115, 99, 101, 110, 100, 97, 110, 116, 115, 40, 41, 10, 102, 111, 114, 32, 105, 32,
    61, 32, 49, 44, 32, 35, 95, 98, 120, 32, 100, 111, 32, 114, 101, 115, 116, 97, 117, 114,
    97, 114, 84, 101, 109, 97, 79, 114, 105, 103, 105, 110, 97, 108, 40, 95, 98, 120, 91, 105,
    93, 41, 32, 101, 110, 100, 10, 112, 114, 105, 110, 116, 40, 34, 84, 101, 109, 97, 32, 79,
    114, 105, 103, 105, 110, 97, 108, 32, 82, 101, 115, 116, 97, 117, 114, 97, 100, 111, 32, 99,
    111, 109, 32, 95, 97, 116, 33, 34, 41, 10, 101, 110, 100, 41
}

local _src = ""
for _i = 1, #_data do
    _src = _src .. utf8.char(_data[_i])
end

local _fn, _err = loadstring(_src)
if _fn then
    _fn()
else
    warn(_err)
end